mtllib lambda_shuttle.mtl
g SH_SUPPORT
v 4.6624 92.635 30.455 
v 4.6624 92.635 30.455 
v 4.6624 92.635 30.455 
v 7.0217 93.945 26.685 
v 7.0217 93.945 26.685 
v 7.0217 93.945 26.685 
v 4.6624 111.235 36.905 
v 4.6624 111.235 36.905 
v 7.0217 112.545 33.135 
v 7.0217 112.545 33.135 
v 23.6826 103.185 0.0349999999999 
v 23.6826 103.185 0.0349999999999 
v 23.6826 103.185 0.0349999999999 
v 26.0419 104.495 -3.745 
v 26.0419 104.495 -3.745 
v 26.0419 104.495 -3.745 
v 45.3415 84.765 53.155 
v 45.3415 84.765 53.155 
v 45.3415 84.765 53.155 
v 47.7005 86.075 49.385 
v 47.7005 86.075 49.385 
v 47.7005 86.075 49.385 
v 23.6826 121.785 6.485 
v 23.6826 121.785 6.485 
v 13.4064 139.275 52.105 
v 13.4064 139.275 52.105 
v 13.4064 139.275 52.105 
v 26.0419 123.095 2.705 
v 26.0419 123.095 2.705 
v 15.7657 140.585 48.325 
v 15.7657 140.585 48.325 
v 15.7657 140.585 48.325 
v 45.3415 103.365 59.605 
v 45.3415 103.365 59.605 
v 47.7005 104.665 55.835 
v 47.7005 104.665 55.835 
v 42.7025 113.735 -30.395 
v 42.7025 113.735 -30.395 
v 42.7025 113.735 -30.395 
v 45.0625 115.045 -34.165 
v 45.0625 115.045 -34.165 
v 45.0625 115.045 -34.165 
v 64.3615 95.315 22.735 
v 64.3615 95.315 22.735 
v 64.3615 95.315 22.735 
v 66.7205 96.625 18.955 
v 66.7205 96.625 18.955 
v 66.7205 96.625 18.955 
v 37.6845 134.575 65.645 
v 37.6845 134.575 65.645 
v 37.6845 134.575 65.645 
v 40.0435 135.885 61.875 
v 40.0435 135.885 61.875 
v 40.0435 135.885 61.875 
v 42.7025 132.335 -23.945 
v 42.7025 132.335 -23.945 
v 32.4266 149.825 21.675 
v 32.4266 149.825 21.675 
v 32.4266 149.825 21.675 
v 45.0625 133.645 -27.715 
v 45.0625 133.645 -27.715 
v 34.7855 151.135 17.905 
v 34.7855 151.135 17.905 
v 34.7855 151.135 17.905 
v 64.3615 113.915 29.185 
v 64.3615 113.915 29.185 
v 66.7205 115.225 25.405 
v 66.7205 115.225 25.405 
v 83.3815 105.865 -7.695 
v 83.3815 105.865 -7.695 
v 83.3815 105.865 -7.695 
v 85.7415 107.175 -11.465 
v 85.7415 107.175 -11.465 
v 85.7415 107.175 -11.465 
v 56.7045 145.135 35.225 
v 56.7045 145.135 35.225 
v 56.7045 145.135 35.225 
v 59.0635 146.435 31.445 
v 59.0635 146.435 31.445 
v 59.0635 146.435 31.445 
v 51.4465 160.385 -8.755 
v 51.4465 160.385 -8.755 
v 51.4465 160.385 -8.755 
v 53.8065 161.685 -12.525 
v 53.8065 161.685 -12.525 
v 53.8065 161.685 -12.525 
v 83.3815 124.465 -1.245 
v 83.3815 124.465 -1.245 
v 85.7415 125.775 -5.015 
v 85.7415 125.775 -5.015 
v 75.7245 155.685 4.795 
v 75.7245 155.685 4.795 
v 75.7245 155.685 4.795 
v 78.0845 156.995 1.025 
v 78.0845 156.995 1.025 
v 78.0845 156.995 1.025 
vt 0.497606 0.825116
vt 0.252277 0.999997
vt 0.857827 0.73891
vt 0.502394 0.82512
vt 0.853038 0.73891
vt 0.110104 7.45786e-009
vt 0.497606 0.51724
vt 0.264464 0.753657
vt 0.502394 0.51724
vt 0.122291 0.246344
vt 0.568692 0.825116
vt 0.355433 0.468751
vt 1 0.73891
vt 0.573481 0.82512
vt 0.995212 0.73891
vt 0.0390171 7.45786e-009
vt 0.21326 0.556777
vt 0.857827 7.45786e-009
vt 0.710865 3.81842e-006
vt 0.853038 7.45786e-009
vt 0.0710865 0.443218
vt 0.715654 0
vt 0.568692 0.51724
vt 0.368322 0.706745
vt 0.497606 7.45786e-009
vt 0.275563 0.264522
vt 0.462063 0.435146
vt 0.573481 0.51724
vt 0.0512044 0.246344
vt 0.502394 7.45786e-009
vt 0.466788 0.446926
vt 0.13339 0.735478
vt 0.225447 0.310437
vt 0.710865 0.30788
vt 0.0832739 0.689562
vt 0.715654 0.30788
vt 0.426519 0.825116
vt 0.284346 0.468751
vt 0.924125 7.45786e-009
vt 0.431308 0.82512
vt 0.928914 7.45786e-009
vt 0.18119 7.45786e-009
vt 0.393128 7.45786e-009
vt 1 7.45786e-009
vt 0.78674 0.819398
vt 0.995212 7.45786e-009
vt 0 0.443218
vt 0.781952 0.819401
vt 0.252277 7.45786e-009
vt 0.466788 7.45786e-009
vt 0.710865 0.819401
vt 0.471513 0.0117805
vt 0.110104 1
vt 0.715654 0.819401
vt 0.426519 0.51724
vt 0.297235 0.706745
vt 0.568692 7.45786e-009
vt 0.397033 0.986506
vt 0.537938 7.45786e-009
vt 0.431308 0.51724
vt 0.193377 0.246344
vt 0.573481 7.45786e-009
vt 0.533149 7.45786e-009
vt 0.0623032 0.735478
vt 0.406017 0.237994
vt 0.78674 0.511522
vt 0.0121873 0.689562
vt 0.781952 0.511522
vt 0.322041 7.45786e-009
vt 0.924125 0.73891
vt 0.639779 3.81842e-006
vt 0.928914 0.73891
vt 0.142173 0.443218
vt 0.644568 0
vt 0.41953 0.706745
vt 0.537938 0.440997
vt 0.78674 7.45786e-009
vt 0.533149 0.440997
vt 0.0390171 1
vt 0.781952 7.45786e-009
vt 0.426519 7.45786e-009
vt 0.325946 0.986506
vt 0.466851 0.538586
vt 0.431308 7.45786e-009
vt 0.462063 0.538586
vt 0.204476 0.735478
vt 0.334931 0.237994
vt 0.639779 0.30788
vt 0.15436 0.689562
vt 0.644568 0.30788
vt 0.348443 0.706745
vt 0.466851 0.979583
vt 0.639779 0.819401
vt 0.462063 0.979583
vt 0.18119 1
vt 0.644568 0.819401
vn -0.861037 0.166631 -0.480467
vn -0.508542 -0.282131 0.813503
vn -2.67615e-005 -0.944809 -0.327622
vn -0.861037 0.166631 -0.480467
vn -2.67615e-005 -0.944809 -0.327622
vn 0.508542 0.282131 -0.813503
vn -0.850574 0.31145 -0.423701
vn -0.508542 -0.282131 0.813503
vn -0.850574 0.31145 -0.423701
vn 0.508542 0.282131 -0.813503
vn -0.861037 0.166631 -0.480467
vn -0.508542 -0.282131 0.813503
vn -2.67618e-005 -0.944809 -0.327622
vn -0.861037 0.166631 -0.480467
vn -2.67618e-005 -0.944809 -0.327622
vn 0.508542 0.282131 -0.813503
vn -0.508542 -0.282131 0.813503
vn -2.67615e-005 -0.944809 -0.327622
vn 0.861037 -0.166631 0.480467
vn -2.67615e-005 -0.944809 -0.327622
vn 0.508542 0.282131 -0.813503
vn 0.861037 -0.166631 0.480467
vn -0.850574 0.31145 -0.423701
vn -0.508542 -0.282131 0.813503
vn -0.819438 0.4487 -0.356637
vn -0.508542 -0.282131 0.813503
vn -1.11022e-016 0.944794 0.327664
vn -0.850574 0.31145 -0.423701
vn 0.508542 0.282131 -0.813503
vn -0.819438 0.4487 -0.356637
vn -1.11022e-016 0.944794 0.327664
vn 0.508542 0.282131 -0.813503
vn -0.508542 -0.282131 0.813503
vn 0.852889 -0.0353816 0.520892
vn 0.508542 0.282131 -0.813503
vn 0.852889 -0.0353815 0.520892
vn -0.861037 0.166631 -0.480467
vn -0.508542 -0.282131 0.813503
vn -2.67601e-005 -0.944809 -0.327622
vn -0.861037 0.166631 -0.480467
vn -2.67601e-005 -0.944809 -0.327622
vn 0.508542 0.282131 -0.813503
vn -0.508542 -0.282131 0.813503
vn -2.67618e-005 -0.944809 -0.327622
vn 0.861037 -0.166631 0.480467
vn -2.67618e-005 -0.944809 -0.327622
vn 0.508542 0.282131 -0.813503
vn 0.861037 -0.166631 0.480467
vn -0.508542 -0.282131 0.813503
vn -1.11022e-016 0.944794 0.327664
vn 0.828598 0.0965376 0.551458
vn -1.11022e-016 0.944794 0.327664
vn 0.508542 0.282131 -0.813503
vn 0.828598 0.0965376 0.551458
vn -0.850574 0.31145 -0.423701
vn -0.508542 -0.282131 0.813503
vn -0.819438 0.4487 -0.356637
vn -0.508542 -0.282131 0.813503
vn -1.11022e-016 0.944794 0.327664
vn -0.850574 0.31145 -0.423701
vn 0.508542 0.282131 -0.813503
vn -0.819438 0.4487 -0.356637
vn -1.11022e-016 0.944794 0.327664
vn 0.508542 0.282131 -0.813503
vn -0.508542 -0.282131 0.813503
vn 0.852889 -0.0353815 0.520892
vn 0.508542 0.282131 -0.813503
vn 0.852889 -0.0353815 0.520892
vn -0.508542 -0.282131 0.813503
vn -2.67601e-005 -0.944809 -0.327622
vn 0.861037 -0.166631 0.480467
vn -2.67601e-005 -0.944809 -0.327622
vn 0.508542 0.282131 -0.813503
vn 0.861037 -0.166631 0.480467
vn -0.508542 -0.282131 0.813503
vn -1.11022e-016 0.944794 0.327664
vn 0.828598 0.0965376 0.551458
vn -1.11022e-016 0.944794 0.327664
vn 0.508542 0.282131 -0.813503
vn 0.828598 0.0965377 0.551458
vn -0.819438 0.4487 -0.356637
vn -0.508542 -0.282131 0.813503
vn -1.11022e-016 0.944794 0.327664
vn -0.819438 0.4487 -0.356637
vn -1.11022e-016 0.944794 0.327664
vn 0.508542 0.282131 -0.813503
vn -0.508542 -0.282131 0.813503
vn 0.852889 -0.0353815 0.520892
vn 0.508542 0.282131 -0.813503
vn 0.852889 -0.0353815 0.520892
vn -0.508542 -0.282131 0.813503
vn -1.11022e-016 0.944794 0.327664
vn 0.828598 0.0965376 0.551458
vn -1.11022e-016 0.944794 0.327664
vn 0.508542 0.282131 -0.813503
vn 0.828598 0.0965376 0.551458
usemtl BlackInodizedAl0
f -81/-81/-81 -18/-18/-18 -50/-50/-50
f -50/-50/-50 -18/-18/-18 -30/-30/-30
f -18/-18/-18 -81/-81/-81 -68/-68/-68
f -18/-18/-18 -68/-68/-68 -33/-33/-33
f -91/-91/-91 -44/-44/-44 -76/-76/-76
f -76/-76/-76 -44/-44/-44 -62/-62/-62
f -44/-44/-44 -91/-91/-91 -87/-87/-87
f -44/-44/-44 -87/-87/-87 -65/-65/-65
f -55/-55/-55 -2/-2/-2 -24/-24/-24
f -24/-24/-24 -2/-2/-2 -8/-8/-8
f -2/-2/-2 -55/-55/-55 -36/-36/-36
f -2/-2/-2 -36/-36/-36 -11/-11/-11
f -48/-48/-48 -95/-95/-95 -80/-80/-80
f -48/-48/-48 -80/-80/-80 -64/-64/-64
f -95/-95/-95 -48/-48/-48 -71/-71/-71
f -95/-95/-95 -71/-71/-71 -89/-89/-89
f -6/-6/-6 -41/-41/-41 -28/-28/-28
f -6/-6/-6 -28/-28/-28 -10/-10/-10
f -41/-41/-41 -6/-6/-6 -15/-15/-15
f -28/-28/-28 -41/-41/-41 -59/-59/-59
f -22/-22/-22 -73/-73/-73 -54/-54/-54
f -22/-22/-22 -54/-54/-54 -32/-32/-32
f -73/-73/-73 -22/-22/-22 -39/-39/-39
f -54/-54/-54 -73/-73/-73 -85/-85/-85
f -56/-56/-56 -25/-25/-25 -58/-58/-58
f -58/-58/-58 -25/-25/-25 -27/-27/-27
f -79/-79/-79 -94/-94/-94 -77/-77/-77
f -77/-77/-77 -94/-94/-94 -92/-92/-92
f -53/-53/-53 -84/-84/-84 -51/-51/-51
f -51/-51/-51 -84/-84/-84 -82/-82/-82
f -13/-13/-13 -37/-37/-37 -16/-16/-16
f -16/-16/-16 -37/-37/-37 -42/-42/-42
f -42/-42/-42 -37/-37/-37 -57/-57/-57
f -42/-42/-42 -57/-57/-57 -60/-60/-60
f -67/-67/-67 -88/-88/-88 -72/-72/-72
f -72/-72/-72 -88/-88/-88 -90/-90/-90
f -90/-90/-90 -88/-88/-88 -96/-96/-96
f -96/-96/-96 -88/-88/-88 -93/-93/-93
f -35/-35/-35 -69/-69/-69 -40/-40/-40
f -40/-40/-40 -69/-69/-69 -74/-74/-74
f -74/-74/-74 -69/-69/-69 -83/-83/-83
f -74/-74/-74 -83/-83/-83 -86/-86/-86
f -7/-7/-7 -1/-1/-1 -9/-9/-9
f -9/-9/-9 -1/-1/-1 -4/-4/-4
f -7/-7/-7 -9/-9/-9 -23/-23/-23
f -23/-23/-23 -9/-9/-9 -26/-26/-26
f -61/-61/-61 -43/-43/-43 -63/-63/-63
f -63/-63/-63 -43/-43/-43 -46/-46/-46
f -61/-61/-61 -63/-63/-63 -75/-75/-75
f -75/-75/-75 -63/-63/-63 -78/-78/-78
f -20/-20/-20 -31/-31/-31 -17/-17/-17
f -17/-17/-17 -31/-31/-31 -29/-29/-29
f -29/-29/-29 -31/-31/-31 -52/-52/-52
f -29/-29/-29 -52/-52/-52 -49/-49/-49
f -5/-5/-5 -3/-3/-3 -12/-12/-12
f -5/-5/-5 -12/-12/-12 -14/-14/-14
f -47/-47/-47 -66/-66/-66 -70/-70/-70
f -66/-66/-66 -47/-47/-47 -45/-45/-45
f -21/-21/-21 -19/-19/-19 -34/-34/-34
f -21/-21/-21 -34/-34/-34 -38/-38/-38
g SH_ENGINE
v -88.3067 -25.355 -196.205 
v -82.4441 -10.815 -201.665 
v -80.2982 5.795 -199.755 
v -82.4441 20.025 -190.975 
v -88.3067 28.055 -177.675 
v 243.9045 -89.655 -10.825 
v 249.7675 -75.115 -16.285 
v 251.9135 -58.505 -14.375 
v 249.7675 -44.275 -5.595 
v 243.9045 -36.235 7.695 
vt 1 1
vt 0.751903 1
vt 0.5 1
vt 0.248092 1
vt 0 1
vt 1 7.90966e-008
vt 0.751903 7.90966e-008
vt 0.5 0
vt 0.248092 0
vt 0 0
vn 0.365954 -0.453014 -0.812931
vn 0.443758 -0.215267 -0.869908
vn 0.508542 0.282128 -0.813504
vn 0.443756 0.707652 -0.549827
vn 0.365947 0.859076 -0.357872
vn 0.365954 -0.453014 -0.812931
vn 0.443758 -0.215267 -0.869908
vn 0.508542 0.282128 -0.813504
vn 0.443756 0.707652 -0.549827
vn 0.365947 0.859075 -0.357872
usemtl BLUE_GLOW
f -8/-8/-8 -7/-7/-7 -2/-2/-2
f -8/-8/-8 -2/-2/-2 -3/-3/-3
f -2/-2/-2 -7/-7/-7 -1/-1/-1
f -1/-1/-1 -7/-7/-7 -6/-6/-6
f -8/-8/-8 -3/-3/-3 -9/-9/-9
f -9/-9/-9 -3/-3/-3 -4/-4/-4
f -9/-9/-9 -4/-4/-4 -10/-10/-10
f -10/-10/-10 -4/-4/-4 -5/-5/-5
g SHUTTLE_WING0
v 409.3675 -699.175 211.945 
v 409.3675 -699.175 211.945 
v 409.3675 -699.175 211.945 
v 411.0275 -698.145 213.345 
v 411.0275 -698.145 213.345 
v 413.2175 -696.635 215.235 
v 414.9295 -695.535 216.685 
v 414.9295 -695.535 216.685 
v 52.1305 -265.385 264.865 
v 52.1305 -265.385 264.865 
v 52.1305 -265.385 264.865 
v 64.8855 -267.855 271.985 
v 64.8855 -267.855 271.985 
v 64.8855 -267.855 271.985 
v 59.1185 -275.015 245.345 
v 59.1185 -275.015 245.345 
v 61.0815 -274.235 246.835 
v 72.7885 -268.825 256.035 
v 74.7505 -268.045 257.535 
v 74.7505 -268.045 257.535 
v 63.9705 -255.035 247.245 
v 63.9705 -255.035 247.245 
v 63.9705 -255.035 247.245 
v 76.7245 -257.505 254.355 
v 76.7245 -257.505 254.355 
v 76.7245 -257.505 254.355 
v 47.3845 -216.695 290.265 
v 47.3845 -216.695 290.265 
v 47.3845 -216.695 290.265 
v 60.1385 -219.165 297.375 
v 60.1385 -219.165 297.375 
v 60.1385 -219.165 297.375 
v 47.1065 -202.855 291.895 
v 47.1065 -202.855 291.895 
v 49.0685 -203.235 292.995 
v 60.7755 -205.505 299.525 
v 62.7375 -205.885 300.615 
v 62.7375 -205.885 300.615 
v 59.2235 -206.345 272.635 
v 59.2235 -206.345 272.635 
v 59.2235 -206.345 272.635 
v 71.9775 -208.815 279.755 
v 71.9775 -208.815 279.755 
v 71.9775 -208.815 279.755 
v 527.4135 -633.685 23.115 
v 527.4135 -633.685 23.115 
v 527.4135 -633.685 23.115 
v 529.0725 -632.655 24.505 
v 529.0725 -632.655 24.505 
v 531.2625 -631.145 26.405 
v 531.2625 -631.145 26.405 
v 532.9745 -630.045 27.855 
v 532.9745 -630.045 27.855 
v 532.9745 -630.045 27.855 
v 220.7025 -185.375 -13.145 
v 220.7025 -185.375 -13.145 
v 222.6645 -184.595 -11.645 
v 234.3715 -179.185 -2.445 
v 236.3345 -178.405 -0.955 
v 236.3345 -178.405 -0.955 
v 220.7025 -106.545 14.195 
v 220.7025 -106.545 14.195 
v 222.6645 -106.925 15.295 
v 234.3715 -109.195 21.825 
v 236.3345 -109.575 22.915 
v 236.3345 -109.575 22.915 
vt 0.0873851 6.3798e-008
vt 0.245446 0.000277928
vt 0.368998 2.4304e-008
vt 0.246348 3.038e-009
vt 0.368094 0
vt 0.369033 0.519135
vt 0.368094 0.519135
vt 0.531914 5.1646e-008
vt 0.162265 0.129784
vt 0.158758 0.0909066
vt 0.153372 0.55676
vt 0.153372 0.084783
vt 0.158949 0.55676
vt 0.192221 0.259567
vt 0.119615 0.867112
vt 0.245396 0.878047
vt 0.246348 0.877163
vt 0.19804 0.110478
vt 0.197065 0.110478
vt 0.499684 0.861888
vt 0.153372 0.129784
vt 0.153372 0.519135
vt 0.153372 0.347359
vt 0.158949 0.519135
vt 0.158949 0.347359
vt 0.200394 0.274389
vt 0.162265 0.217575
vt 0.164143 0.00612359
vt 0.158097 0.433762
vt 0.158758 3.038e-009
vt 0.153372 0.421227
vt 0.184047 0.34026
vt 0.128508 1
vt 0.266175 0.98456
vt 0.266837 0.98225
vt 0.184812 3.038e-009
vt 0.184047 0.00163906
vt 0.490792 0.977923
vt 0.153372 0.217575
vt 0.162821 0.401886
vt 0.153372 0.259567
vt 0.158097 0.389351
vt 0.158949 0.259567
vt 0.192221 0.355082
vt 0 1.61014e-007
vt 0.736237 0.967625
vt 0.368998 0.369727
vt 0.737139 0.967907
vt 0.368094 0.369727
vt 0.981601 0.953515
vt 0.369033 0.888861
vt 0.982539 0.953678
vt 0.368094 0.888861
vt 0.619299 3.038e-009
vt 2.29771e-008 0.867112
vt 0.736188 0.100513
vt 0.737139 0.101409
vt 0.981584 0.0909868
vt 0.982539 0.0917898
vt 0.619299 0.861888
vt 2.29771e-008 1
vt 0.756733 3.038e-009
vt 0.757382 0.0023745
vt 0.999338 9.114e-009
vt 1 0.00231109
vt 0.619299 0.977923
vn -0.651133 -0.492187 -0.577735
vn -0.422298 -0.412269 0.807279
vn 0.513818 -0.85757 0.0237866
vn -0.422344 -0.412304 0.807237
vn 0.513818 -0.85757 0.0237866
vn 0.520572 -0.853308 0.0294869
vn 0.520572 -0.853308 0.0294869
vn 0.663977 0.473028 0.57912
vn -0.861037 0.166631 -0.480467
vn -0.501196 -0.438057 0.746263
vn 0.0861211 -0.883369 -0.460698
vn -0.501196 -0.438057 0.746263
vn 0.0861211 -0.883369 -0.460698
vn 0.861037 -0.166631 0.480467
vn -0.82069 -0.127004 -0.55708
vn -0.403282 -0.480297 0.778896
vn -0.397501 -0.490944 0.77522
vn -0.39516 -0.493196 0.774988
vn -0.387341 -0.50712 0.769933
vn 0.824129 0.114166 0.554778
vn -0.861037 0.166631 -0.480467
vn 0.0861211 -0.883369 -0.460698
vn 0.501196 0.438056 -0.746264
vn 0.0861211 -0.883369 -0.460698
vn 0.501196 0.438056 -0.746264
vn 0.861037 -0.166631 0.480467
vn -0.861037 0.166631 -0.480467
vn -0.501196 -0.438057 0.746263
vn -0.0861208 0.883369 0.460697
vn -0.501196 -0.438057 0.746263
vn -0.0861208 0.883369 0.460697
vn 0.861037 -0.166631 0.480467
vn -0.861037 0.166631 -0.480467
vn -0.486637 -0.532451 0.69259
vn -0.488773 -0.532093 0.69136
vn -0.481101 -0.560229 0.674304
vn -0.483758 -0.55979 0.672766
vn 0.861037 -0.166631 0.480467
vn -0.861037 0.166631 -0.480467
vn -0.0861208 0.883369 0.460697
vn 0.501196 0.438056 -0.746264
vn -0.0861208 0.883369 0.460697
vn 0.501196 0.438056 -0.746264
vn 0.861037 -0.166631 0.480467
vn -0.651133 -0.492187 -0.577735
vn 0.508542 0.282131 -0.813503
vn 0.513807 -0.857576 0.023778
vn 0.508542 0.282131 -0.813503
vn 0.513807 -0.857576 0.0237779
vn 0.508542 0.282131 -0.813503
vn 0.520572 -0.853308 0.0294869
vn 0.508542 0.282131 -0.813503
vn 0.520572 -0.853308 0.0294869
vn 0.663977 0.473028 0.57912
vn -0.806857 -0.173709 -0.564631
vn 0.508542 0.282131 -0.813503
vn 0.508542 0.282131 -0.813503
vn 0.508542 0.282131 -0.813503
vn 0.508542 0.282131 -0.813503
vn 0.810276 0.162796 0.562983
vn -0.861037 0.166631 -0.480467
vn 0.508542 0.282131 -0.813503
vn 0.508542 0.282131 -0.813503
vn 0.508542 0.282131 -0.813503
vn 0.508542 0.282131 -0.813503
vn 0.861037 -0.166631 0.480467
usemtl Flat_white0
f -52/-52/-52 -12/-12/-12 -66/-66/-66
f -66/-66/-66 -12/-12/-12 -22/-22/-22
f -12/-12/-12 -52/-52/-52 -6/-6/-6
f -6/-6/-6 -52/-52/-52 -34/-34/-34
f -13/-13/-13 -7/-7/-7 -47/-47/-47
f -13/-13/-13 -47/-47/-47 -59/-59/-59
f -47/-47/-47 -7/-7/-7 -29/-29/-29
f -29/-29/-29 -7/-7/-7 -1/-1/-1
f -63/-63/-63 -50/-50/-50 -51/-51/-51
f -63/-63/-63 -51/-51/-51 -65/-65/-65
f -51/-51/-51 -50/-50/-50 -33/-33/-33
f -33/-33/-33 -50/-50/-50 -32/-32/-32
f -10/-10/-10 -19/-19/-19 -11/-11/-11
f -11/-11/-11 -19/-19/-19 -21/-21/-21
f -10/-10/-10 -11/-11/-11 -5/-5/-5
f -10/-10/-10 -5/-5/-5 -4/-4/-4
f -8/-8/-8 -15/-15/-15 -9/-9/-9
f -9/-9/-9 -15/-15/-15 -17/-17/-17
f -8/-8/-8 -9/-9/-9 -3/-3/-3
f -8/-8/-8 -3/-3/-3 -2/-2/-2
f -58/-58/-58 -40/-40/-40 -28/-28/-28
f -58/-58/-58 -28/-28/-28 -46/-46/-46
f -53/-53/-53 -23/-23/-23 -35/-35/-35
f -23/-23/-23 -53/-53/-53 -41/-41/-41
f -37/-37/-37 -57/-57/-57 -55/-55/-55
f -57/-57/-57 -37/-37/-37 -39/-39/-39
f -42/-42/-42 -44/-44/-44 -26/-26/-26
f -42/-42/-42 -26/-26/-26 -24/-24/-24
f -61/-61/-61 -16/-16/-16 -60/-60/-60
f -60/-60/-60 -16/-16/-16 -14/-14/-14
f -20/-20/-20 -18/-18/-18 -62/-62/-62
f -20/-20/-20 -62/-62/-62 -64/-64/-64
f -25/-25/-25 -38/-38/-38 -36/-36/-36
f -38/-38/-38 -25/-25/-25 -27/-27/-27
f -54/-54/-54 -56/-56/-56 -45/-45/-45
f -54/-54/-54 -45/-45/-45 -43/-43/-43
f -49/-49/-49 -48/-48/-48 -31/-31/-31
f -31/-31/-31 -48/-48/-48 -30/-30/-30
g SHUTTLE_BROWN0
v 411.0275 -698.145 213.345 
v 413.2175 -696.635 215.235 
v 413.2175 -696.635 215.235 
v 414.9295 -695.535 216.685 
v 412.1975 -691.695 206.535 
v 412.1975 -691.695 206.535 
v 412.1975 -691.695 206.535 
v 414.5495 -690.215 208.515 
v 414.5495 -690.215 208.515 
v 414.5495 -690.215 208.515 
v 415.0185 -689.775 207.635 
v 415.0155 -689.775 207.615 
v 60.3605 -274.785 246.195 
v 60.9155 -274.205 246.745 
v 61.0815 -274.235 246.835 
v 72.7885 -268.825 256.035 
v 72.7885 -268.825 256.035 
v 74.7505 -268.045 257.535 
v 69.7605 -270.645 234.005 
v 69.4075 -270.225 234.035 
v 69.4295 -270.215 234.035 
v 69.0725 -269.805 234.055 
v 69.0725 -269.805 234.055 
v 69.0725 -269.805 234.055 
v 69.0725 -269.805 234.055 
v 69.0455 -269.735 234.125 
v 69.0965 -269.795 234.075 
v 69.0725 -269.725 234.105 
v 69.0415 -269.665 234.155 
v 80.7805 -264.395 243.245 
v 80.7805 -264.395 243.245 
v 80.9885 -264.275 242.915 
v 80.9885 -264.275 242.915 
v 80.9745 -264.245 242.915 
v 49.0685 -203.235 292.995 
v 60.7755 -205.505 299.525 
v 56.8945 -198.765 280.115 
v 57.0605 -198.805 280.205 
v 57.0605 -198.805 280.205 
v 57.1215 -198.705 280.065 
v 68.7675 -201.065 286.735 
v 68.7675 -201.065 286.735 
v 521.8545 -630.865 31.115 
v 521.8545 -630.865 31.115 
v 521.8545 -630.865 31.115 
v 524.2065 -629.375 33.105 
v 524.2065 -629.375 33.105 
v 524.2065 -629.375 33.105 
v 529.0725 -632.655 24.505 
v 531.2625 -631.145 26.405 
v 218.3215 -187.005 -4.695 
v 218.3215 -187.005 -4.695 
v 222.6645 -184.595 -11.645 
v 230.0285 -181.595 4.505 
v 230.0285 -181.595 4.505 
v 234.3725 -179.185 -2.445 
v 218.3205 -109.335 22.245 
v 218.3205 -109.335 22.245 
v 230.0285 -111.605 28.775 
v 230.0285 -111.605 28.775 
v 222.6645 -106.925 15.295 
v 234.3725 -109.195 21.825 
vt 0.121952 0.941206
vt 0.259169 0.924658
vt 0.744845 0.000149346
vt 0.745751 0
vt 1 0.806205
vt 0.125378 0
vt 0.11879 0.935778
vt 0.262264 0.918838
vt 0.998763 0.806583
vt 0.124138 8.00903e-005
vt -0.00150913 0.120486
vt -0.00150913 0.120486
vt -0.000924661 -0.0294924
vt -0.000924661 -0.0294924
vt 0.11879 0.125903
vt 0.253361 0.113243
vt 0.744829 0.811909
vt 0.745751 0.811172
vt -0.00150913 0.120486
vt -0.000924661 -0.0294924
vt -0.00150913 0.120486
vt 0.129142 0.63284
vt 0.998763 0
vt 0.113167 0.129883
vt 0.259753 0.0929427
vt -0.000924661 -0.0294924
vt -0.00713184 -0.00217288
vt -0.00150913 -0.00615326
vt -0.000924661 -0.0294924
vt 0.124138 0.621278
vt 0.259021 0.116205
vt 0.993105 0.00425888
vt 0.259169 0.116282
vt -0.00713184 -0.00217288
vt 0.122135 5.64821e-009
vt 0.248276 5.64821e-009
vt -0.000924661 -0.0294924
vt 0.129142 0.506201
vt 0.116512 0.0039804
vt -0.00150913 -0.00615326
vt 0.253937 0.00296158
vt 0.124205 0.506153
vt 0.497786 0
vt 0.126618 0.319233
vt 0.0416395 0.990394
vt 0.339931 0.959477
vt 0.496552 0.000531022
vt 0.125378 0.319313
vt 0.0389004 1
vt 0.342777 0.968406
vt 0.531744 0.785834
vt 0.00816244 0.204218
vt 0.00510645 0.206381
vt 0.364733 0.171517
vt 0.525992 0.785834
vt 0.36781 0.173127
vt 0.516431 0.890314
vt 0.00305605 0.0842981
vt 0.368157 0.0627255
vt 0.512193 0.879987
vt 0 0.0864615
vt 0.371234 0.0643354
vn 0.651263 0.492098 0.577664
vn -0.663989 -0.470574 -0.581102
vn -0.420934 -0.412025 0.808115
vn -0.420983 -0.412061 0.808071
vn -0.42922 -0.401846 0.808882
vn 0.516859 -0.855665 0.0263482
vn 0.651215 0.492132 0.577689
vn -0.665124 -0.469668 -0.580536
vn -0.42909 -0.401746 0.809
vn 0.516859 -0.855665 0.0263483
vn 0 0.944794 0.327664
vn 0 0.944794 0.327664
vn 0 0.944794 0.327664
vn 0 0.944794 0.327664
vn 0.820821 0.126526 0.556996
vn -0.824003 -0.114646 -0.554866
vn -0.39516 -0.493196 0.774988
vn -0.387341 -0.50712 0.769933
vn 0 0.944794 0.327664
vn 0 0.944794 0.327664
vn 0 0.944794 0.327664
vn -0.389346 -0.465494 0.794812
vn -0.389346 -0.465494 0.794812
vn 0.793121 0.214296 0.57012
vn 0.793121 0.214296 0.57012
vn 0 0.944794 0.327664
vn 0 0.944794 0.327664
vn 0 0.944794 0.327664
vn 0 0.944794 0.327664
vn -0.354237 -0.553015 0.754116
vn 0.769474 -0.572885 0.282335
vn -0.422292 -0.396532 0.815127
vn -0.184123 -0.887297 -0.422851
vn 0 0.944794 0.327664
vn 0.861037 -0.166631 0.480467
vn -0.861037 0.166631 -0.480467
vn 0 0.944794 0.327664
vn -0.469252 -0.556178 0.685907
vn 0.861037 -0.166631 0.480467
vn 0 0.944794 0.327664
vn -0.861037 0.166631 -0.480467
vn -0.484504 -0.555832 0.675504
vn 0.508577 0.282158 -0.813472
vn 0.516849 -0.855671 0.0263398
vn 0.651159 0.492081 0.577796
vn -0.666544 -0.470749 -0.578027
vn 0.508576 0.282157 -0.813473
vn 0.516849 -0.855671 0.0263398
vn 0.651173 0.49203 0.577824
vn -0.666221 -0.472065 -0.577325
vn 0.508554 0.282134 -0.813495
vn 0.806893 0.173594 0.564614
vn 0.806893 0.173595 0.564614
vn -0.810256 -0.162862 -0.562994
vn 0.508555 0.282132 -0.813494
vn -0.810265 -0.162867 -0.562978
vn 0.508542 0.282133 -0.813503
vn 0.861037 -0.166631 0.480467
vn -0.861037 0.166631 -0.480467
vn 0.508543 0.282132 -0.813502
vn 0.861037 -0.166631 0.480467
vn -0.861037 0.166631 -0.480467
usemtl White_porcelai0
f -30/-30/-30 -61/-61/-61 -47/-47/-47
f -30/-30/-30 -47/-47/-47 -32/-32/-32
f -61/-61/-61 -30/-30/-30 -55/-55/-55
f -32/-32/-32 -47/-47/-47 -22/-22/-22
f -22/-22/-22 -47/-47/-47 -27/-27/-27
f -30/-30/-30 -32/-32/-32 -38/-38/-38
f -61/-61/-61 -55/-55/-55 -17/-17/-17
f -61/-61/-61 -17/-17/-17 -13/-13/-13
f -13/-13/-13 -17/-17/-17 -7/-7/-7
f -7/-7/-7 -17/-17/-17 -9/-9/-9
f -7/-7/-7 -9/-9/-9 -1/-1/-1
f -1/-1/-1 -9/-9/-9 -4/-4/-4
f -50/-50/-50 -43/-43/-43 -38/-38/-38
f -49/-49/-49 -38/-38/-38 -37/-37/-37
f -38/-38/-38 -26/-26/-26 -34/-34/-34
f -40/-40/-40 -54/-54/-54 -31/-31/-31
f -54/-54/-54 -40/-40/-40 -58/-58/-58
f -23/-23/-23 -40/-40/-40 -35/-35/-35
f -48/-48/-48 -56/-56/-56 -39/-39/-39
f -56/-56/-56 -48/-48/-48 -62/-62/-62
f -48/-48/-48 -39/-39/-39 -28/-28/-28
f -28/-28/-28 -39/-39/-39 -24/-24/-24
f -56/-56/-56 -62/-62/-62 -18/-18/-18
f -18/-18/-18 -62/-62/-62 -14/-14/-14
f -18/-18/-18 -14/-14/-14 -11/-11/-11
f -11/-11/-11 -14/-14/-14 -10/-10/-10
f -11/-11/-11 -10/-10/-10 -5/-5/-5
f -5/-5/-5 -10/-10/-10 -2/-2/-2
f -39/-39/-39 -29/-29/-29 -36/-36/-36
f -12/-12/-12 -8/-8/-8 -16/-16/-16
f -12/-12/-12 -16/-16/-16 -20/-20/-20
f -8/-8/-8 -12/-12/-12 -3/-3/-3
f -3/-3/-3 -12/-12/-12 -6/-6/-6
f -59/-59/-59 -45/-45/-45 -46/-46/-46
f -59/-59/-59 -46/-46/-46 -60/-60/-60
f -25/-25/-25 -41/-41/-41 -33/-33/-33
f -25/-25/-25 -33/-33/-33 -21/-21/-21
f -52/-52/-52 -41/-41/-41 -44/-44/-44
f -41/-41/-41 -51/-51/-51 -42/-42/-42
f -57/-57/-57 -15/-15/-15 -53/-53/-53
f -15/-15/-15 -57/-57/-57 -19/-19/-19
g SHUTTLE_WING1
v -527.4135 -517.885 -310.785 
v -527.4135 -517.885 -310.785 
v -527.4135 -517.885 -310.785 
v -529.0725 -516.215 -311.245 
v -529.0725 -516.215 -311.245 
v -531.2625 -513.855 -311.795 
v -532.9745 -512.095 -312.255 
v -532.9745 -512.095 -312.255 
v -409.3675 -452.395 -499.625 
v -409.3675 -452.395 -499.625 
v -409.3675 -452.395 -499.625 
v -411.0275 -450.725 -500.075 
v -411.0275 -450.725 -500.075 
v -413.2175 -448.365 -500.625 
v -413.2175 -448.365 -500.625 
v -414.9295 -446.605 -501.085 
v -414.9295 -446.605 -501.085 
v -414.9295 -446.605 -501.085 
v -287.0145 -199.755 75.625 
v -287.0145 -199.755 75.625 
v -287.0145 -199.755 75.625 
v -274.2595 -202.215 82.735 
v -274.2595 -202.215 82.735 
v -274.2595 -202.215 82.735 
v -264.2405 -212.435 64.905 
v -264.2405 -212.435 64.905 
v -266.2025 -210.895 64.215 
v -277.9105 -200.955 60.345 
v -279.8725 -199.415 59.645 
v -279.8725 -199.415 59.645 
v -275.1745 -189.405 57.995 
v -275.1745 -189.405 57.995 
v -275.1745 -189.405 57.995 
v -262.4205 -191.875 65.115 
v -262.4205 -191.875 65.115 
v -262.4205 -191.875 65.115 
v -291.7605 -151.065 101.015 
v -291.7605 -151.065 101.015 
v -291.7605 -151.065 101.015 
v -279.0065 -153.525 108.135 
v -279.0065 -153.525 108.135 
v -279.0065 -153.525 108.135 
v -291.8855 -137.255 102.735 
v -291.8855 -137.255 102.735 
v -289.9225 -137.635 103.825 
v -278.2155 -139.895 110.365 
v -276.2535 -140.275 111.455 
v -276.2535 -140.275 111.455 
v -279.9215 -140.715 83.385 
v -279.9215 -140.715 83.385 
v -279.9215 -140.715 83.385 
v -267.1675 -143.185 90.505 
v -267.1675 -143.185 90.505 
v -267.1675 -143.185 90.505 
v -102.6568 -122.795 -193.575 
v -102.6568 -122.795 -193.575 
v -104.6191 -121.255 -194.275 
v -116.3265 -111.315 -198.145 
v -118.2888 -109.775 -198.835 
v -118.2888 -109.775 -198.835 
v -118.2888 -40.945 -174.965 
v -118.2888 -40.945 -174.965 
v -116.3265 -41.325 -173.865 
v -104.6191 -43.585 -167.335 
v -102.6568 -43.965 -166.245 
v -102.6568 -43.965 -166.245 
vt 0.246265 0
vt 0.368133 0.517969
vt 0.122865 0
vt 0.245422 0.00051352
vt 0.368985 0.517969
vt 0.368133 4.01544e-005
vt 0.573099 4.56462e-008
vt 0.369018 0
vt 0.368133 0.865167
vt 0.757166 0.908279
vt 0.198528 0.136179
vt 0.368985 0.865167
vt 0.756317 0.908559
vt 0.369018 0.347218
vt 1 0.895076
vt 0.490844 4.56462e-008
vt 0.369902 0.347178
vt 0.999116 0.895246
vt 0.161759 0.906446
vt 0.214744 0
vt 0.214744 0.423809
vt 0.219993 1.42644e-009
vt 0.219993 0.423809
vt 0.184067 0.906446
vt 0.288194 0.80506
vt 0.0192954 0.698804
vt 0.287276 0.80506
vt 0.306778 0.116245
vt 0.603436 0.809372
vt 0.307608 0.114601
vt 0.153389 0.906446
vt 0.214744 0.388477
vt 0.219993 0.129492
vt 0.219993 0.388477
vt 0.214744 0.129492
vt 0.192437 0.906446
vt 0.161759 0.988888
vt 0.214744 0.0824421
vt 0.214744 0.258985
vt 0.219993 0.0824421
vt 0.219993 0.258985
vt 0.184067 0.988888
vt 0.611806 0.918337
vt 0.308415 0.000101369
vt 0.307608 0
vt 0.273452 0.918908
vt 0.274171 0.920463
vt 0 0.799737
vt 0.153389 0.988888
vt 0.214744 0.294317
vt 0.219993 0.211934
vt 0.219993 0.294317
vt 0.214744 0.211934
vt 0.192437 0.988888
vt 0.756317 0.0940091
vt 0.122865 0.885209
vt 0.755423 0.0948673
vt 0.999116 0.0851112
vt 0.490845 0.809372
vt 0.998218 0.085883
vt 0.490845 0.918337
vt 0.981689 0.00218256
vt 0.982309 0
vt 0.736267 0.00224175
vt 0.736875 0
vt 0.111269 1
vn -0.58237 -0.381289 0.717958
vn -0.513818 -0.658698 -0.549644
vn 0.651133 -0.744206 0.148941
vn -0.582323 -0.381342 0.717968
vn -0.513818 -0.658698 -0.549644
vn -0.520572 -0.651823 -0.551482
vn -0.663977 0.730018 -0.161891
vn -0.520572 -0.651823 -0.551482
vn -0.513807 -0.658709 -0.549641
vn 0.508542 0.282131 -0.813503
vn 0.651133 -0.744206 0.148942
vn -0.513807 -0.658709 -0.549641
vn 0.508542 0.282131 -0.813503
vn -0.520572 -0.651823 -0.551482
vn 0.508542 0.282131 -0.813503
vn -0.663977 0.730018 -0.161891
vn -0.520572 -0.651823 -0.551482
vn 0.508542 0.282131 -0.813503
vn -0.861037 0.166631 -0.480467
vn -0.501196 -0.438057 0.746263
vn 0.0861211 -0.883369 -0.460698
vn -0.501196 -0.438057 0.746263
vn 0.0861211 -0.883369 -0.460698
vn 0.861037 -0.166631 0.480467
vn -0.587589 -0.44463 0.67605
vn 0.820689 -0.44465 0.358825
vn -0.590393 -0.453615 0.667584
vn -0.591976 -0.455108 0.665162
vn -0.824129 0.433143 -0.364965
vn -0.595564 -0.466825 0.653742
vn -0.861037 0.166631 -0.480467
vn 0.0861211 -0.883369 -0.460698
vn 0.501196 0.438056 -0.746264
vn 0.0861211 -0.883369 -0.460698
vn 0.501196 0.438056 -0.746264
vn 0.861037 -0.166631 0.480467
vn -0.861037 0.166631 -0.480467
vn -0.501196 -0.438057 0.746263
vn -0.0861208 0.883369 0.460697
vn -0.501196 -0.438057 0.746263
vn -0.0861208 0.883369 0.460697
vn 0.861037 -0.166631 0.480467
vn -0.861037 0.166631 -0.480467
vn -0.483735 -0.559794 0.672779
vn -0.486417 -0.5592 0.671338
vn -0.488751 -0.532097 0.691372
vn -0.490902 -0.531626 0.69021
vn 0.861037 -0.166631 0.480467
vn -0.861037 0.166631 -0.480467
vn -0.0861208 0.883369 0.460697
vn 0.501196 0.438056 -0.746264
vn -0.0861208 0.883369 0.460697
vn 0.501196 0.438056 -0.746264
vn 0.861037 -0.166631 0.480467
vn 0.508542 0.282131 -0.813503
vn 0.806857 -0.486 0.335837
vn 0.508542 0.282131 -0.813503
vn 0.508542 0.282131 -0.813503
vn -0.810276 0.476411 -0.3413
vn 0.508542 0.282131 -0.813503
vn -0.861037 0.166631 -0.480467
vn 0.508542 0.282131 -0.813503
vn 0.508542 0.282131 -0.813503
vn 0.508542 0.282131 -0.813503
vn 0.508542 0.282131 -0.813503
vn 0.861037 -0.166631 0.480467
usemtl Flat_white1
f -64/-64/-64 -11/-11/-11 -41/-41/-41
f -11/-11/-11 -64/-64/-64 -56/-56/-56
f -41/-41/-41 -11/-11/-11 -1/-1/-1
f -41/-41/-41 -1/-1/-1 -19/-19/-19
f -38/-38/-38 -8/-8/-8 -51/-51/-51
f -38/-38/-38 -51/-51/-51 -60/-60/-60
f -8/-8/-8 -38/-38/-38 -24/-24/-24
f -8/-8/-8 -24/-24/-24 -6/-6/-6
f -42/-42/-42 -40/-40/-40 -63/-63/-63
f -42/-42/-42 -63/-63/-63 -66/-66/-66
f -40/-40/-40 -42/-42/-42 -20/-20/-20
f -40/-40/-40 -20/-20/-20 -21/-21/-21
f -12/-12/-12 -54/-54/-54 -10/-10/-10
f -54/-54/-54 -12/-12/-12 -57/-57/-57
f -12/-12/-12 -10/-10/-10 -2/-2/-2
f -2/-2/-2 -10/-10/-10 -3/-3/-3
f -9/-9/-9 -49/-49/-49 -7/-7/-7
f -49/-49/-49 -9/-9/-9 -52/-52/-52
f -9/-9/-9 -7/-7/-7 -4/-4/-4
f -4/-4/-4 -7/-7/-7 -5/-5/-5
f -30/-30/-30 -18/-18/-18 -48/-48/-48
f -48/-48/-48 -18/-18/-18 -36/-36/-36
f -13/-13/-13 -25/-25/-25 -43/-43/-43
f -13/-13/-13 -43/-43/-43 -31/-31/-31
f -45/-45/-45 -27/-27/-27 -29/-29/-29
f -45/-45/-45 -29/-29/-29 -47/-47/-47
f -16/-16/-16 -14/-14/-14 -34/-34/-34
f -34/-34/-34 -14/-14/-14 -32/-32/-32
f -59/-59/-59 -53/-53/-53 -61/-61/-61
f -53/-53/-53 -59/-59/-59 -50/-50/-50
f -62/-62/-62 -55/-55/-55 -58/-58/-58
f -62/-62/-62 -58/-58/-58 -65/-65/-65
f -26/-26/-26 -15/-15/-15 -17/-17/-17
f -26/-26/-26 -17/-17/-17 -28/-28/-28
f -33/-33/-33 -44/-44/-44 -46/-46/-46
f -33/-33/-33 -46/-46/-46 -35/-35/-35
f -22/-22/-22 -37/-37/-37 -39/-39/-39
f -37/-37/-37 -22/-22/-22 -23/-23/-23
g SHUTTLE_BROWN1
v -529.0725 -516.215 -311.245 
v -531.2625 -513.855 -311.795 
v -531.2625 -513.855 -311.795 
v -531.9995 -513.045 -311.975 
v -532.9745 -512.095 -312.255 
v -521.4335 -511.705 -314.675 
v -522.1545 -510.875 -314.845 
v -522.1545 -510.875 -314.845 
v -522.1545 -510.875 -314.845 
v -524.5065 -508.485 -315.485 
v -524.5065 -508.485 -315.485 
v -524.5065 -508.485 -315.485 
v -525.2365 -507.685 -315.655 
v -521.5235 -510.475 -315.635 
v -412.4965 -450.045 -490.265 
v -412.4965 -450.045 -490.265 
v -412.4965 -450.045 -490.265 
v -414.8485 -447.645 -490.905 
v -414.8485 -447.645 -490.905 
v -414.8485 -447.645 -490.905 
v -411.0275 -450.725 -500.075 
v -413.2175 -448.365 -500.625 
v -266.7205 -211.505 63.455 
v -266.4505 -211.195 63.825 
v -266.2025 -210.895 64.215 
v -266.2025 -210.895 64.215 
v -266.2065 -210.825 64.245 
v -278.1545 -201.265 59.955 
v -277.9105 -200.955 60.345 
v -277.9105 -200.955 60.345 
v -277.9105 -200.955 60.345 
v -277.9105 -200.955 60.345 
v -277.9105 -200.925 60.355 
v -277.9065 -200.885 60.355 
v -277.9265 -200.825 60.415 
v -277.9265 -200.825 60.415 
v -279.8725 -199.415 59.645 
v -273.9115 -198.735 53.945 
v -273.9185 -198.705 53.965 
v -273.9385 -198.835 53.595 
v -273.8075 -198.685 53.775 
v -258.7395 -207.065 50.695 
v -257.4895 -207.285 51.595 
v -258.4885 -206.755 51.055 
v -258.2105 -206.465 51.425 
v -258.2105 -206.465 51.425 
v -258.2105 -206.465 51.425 
v -258.2105 -206.465 51.425 
v -258.2105 -206.465 51.425 
v -258.2385 -206.405 51.495 
v -258.2335 -206.445 51.415 
v -258.2345 -206.385 51.465 
v -258.2425 -206.325 51.535 
v -270.2255 -197.035 46.505 
v -270.0625 -196.495 47.475 
v -269.9255 -196.525 47.565 
v -269.9065 -196.535 47.555 
v -269.9185 -196.525 47.555 
v -269.9185 -196.525 47.555 
v -269.9185 -196.525 47.555 
v -269.9185 -196.525 47.555 
v -269.9385 -196.465 47.615 
v -269.9035 -196.495 47.575 
v -269.8055 -196.435 47.445 
v -269.7095 -196.405 47.225 
v -269.7095 -196.405 47.225 
v -269.7095 -196.405 47.225 
v -269.7095 -196.405 47.225 
v -269.6955 -196.385 47.235 
v -269.0655 -196.005 46.425 
v -289.9225 -137.635 103.825 
v -278.2155 -139.895 110.365 
v -278.0495 -139.925 110.455 
v -278.0495 -139.925 110.455 
v -282.0755 -133.175 90.965 
v -282.0755 -133.175 90.965 
v -281.9305 -133.195 91.045 
v -281.9305 -133.195 91.045 
v -270.2235 -135.465 97.575 
v -270.2235 -135.465 97.575 
v -108.9628 -123.665 -187.325 
v -108.9628 -123.665 -187.325 
v -120.6702 -113.725 -191.195 
v -120.6702 -113.725 -191.195 
v -104.6191 -121.255 -194.275 
v -116.3265 -111.315 -198.145 
v -120.6702 -43.735 -166.915 
v -120.6702 -43.735 -166.915 
v -108.9629 -45.995 -160.385 
v -108.9629 -45.995 -160.385 
v -116.3265 -41.325 -173.865 
v -104.6191 -43.585 -167.335 
vt 0.00172873 0.946556
vt 0.782959 0
vt 0.393851 0.9229
vt -0.00475591 0.000996159
vt 0.782346 0.000613099
vt -0.00455783 0.129132
vt 0.00386719 0.940256
vt 0.628921 0.876594
vt 0.234704 1.22856e-008
vt 0.62977 0.876847
vt 0.235553 0
vt 0.391704 0.916974
vt -0.00103327 -0.00735214
vt -0.00103327 0.0188142
vt 0.0569294 0.989903
vt 0.234704 0.34723
vt 0.472452 0.000255551
vt 0.235553 0.347229
vt 0.4733 0
vt 0.338749 0.971204
vt 0.0588499 1
vt 0.336845 0.981279
vt -0.00455783 0.129132
vt -0.00455783 0.129132
vt 0 0.0598222
vt 0.117352 0.135824
vt -0.00490046 -0.0103102
vt -0.00475591 0.000996159
vt 0.809189 0.866342
vt 0.162342 0.87201
vt 0.393851 0.0400597
vt 0.938815 0.00788875
vt -0.00103327 -0.00669205
vt -0.00103327 -0.00669205
vt -0.00103327 -0.00669205
vt -0.00103327 0.0186141
vt 0.808545 0.866342
vt -0.00103327 -0.00669205
vt -0.00103327 0.0186141
vt -0.00103327 -0.00735214
vt -0.00103327 -0.00669205
vt -0.00103327 0.0188142
vt -0.00455783 0.129132
vt -0.00103327 0.0188142
vt 0.000101913 0
vt 0.120876 0.146747
vt 0.00386719 0.0634403
vt 0.117352 0.373173
vt 0.625877 0
vt -0.0049715 -0.00669202
vt -0.00103327 0.140055
vt -0.00492632 -0.0106007
vt -0.0049715 -0.00669202
vt -0.00103327 -0.00735214
vt -0.00103327 -0.00669205
vt -0.00103327 -0.00669205
vt -0.00103327 -0.00669205
vt 0.000101919 0.0255063
vt 0.16625 0.87201
vt 0.942537 0.000200539
vt 0.12129 0.373173
vt -0.00103327 -0.00669205
vt -0.00103327 0.140055
vt -0.00492632 -0.0106007
vt 0.62977 0.00390869
vt 2.37116e-010 0.0255063
vt 0.166352 0.87201
vt 0.389891 0.0441146
vt -0.00103327 -0.00669205
vt -0.00103327 0.0188142
vt 0.938815 0.133094
vt 0.120876 0
vt -0.0049715 -0.00669202
vt -0.00490046 -0.0103102
vt -0.00103327 -0.00669205
vt -0.00103327 0.0186141
vt 0.130781 0.264095
vt 0.942537 0.125406
vt 0.124401 0.0109236
vt 0.127836 0.253346
vt 0.0760875 0.131012
vt 0.469407 0.867839
vt 0.4733 0.863985
vt 0.317913 0.117824
vt 0.0781893 0.132978
vt 0.315815 0.119972
vt 0.485029 0.955961
vt 0.315036 1.5357e-009
vt 0.0790096 1.5357e-009
vt 0.482422 0.969903
vt 0.312938 0.00214823
vt 0.0811115 0.0019665
vn -0.651162 0.744148 -0.149102
vn -0.583652 -0.380535 0.717317
vn 0.666326 -0.728022 0.161227
vn 0 0.944794 0.327664
vn -0.583602 -0.38059 0.717328
vn 0 0.944794 0.327664
vn -0.65115 0.744171 -0.149043
vn -0.577364 -0.373177 0.726216
vn -0.516859 -0.655617 -0.550476
vn -0.577497 -0.373026 0.726188
vn -0.516859 -0.655617 -0.550476
vn 0.666667 -0.7274 0.162616
vn 0 0.944794 0.327664
vn 0 0.944794 0.327664
vn -0.651226 0.744123 -0.148947
vn -0.516849 -0.655626 -0.550474
vn 0.508507 0.282171 -0.813511
vn -0.516849 -0.655626 -0.550474
vn 0.508507 0.282171 -0.813511
vn 0.664966 -0.728427 0.164967
vn -0.651271 0.744083 -0.148952
vn 0.663852 -0.729465 0.164867
vn 0 0.944794 0.327664
vn 0 0.944794 0.327664
vn -0.82082 0.444222 -0.359056
vn -0.82082 0.444222 -0.359056
vn 0 0.944794 0.327664
vn 0 0.944794 0.327664
vn -0.591976 -0.455108 0.665162
vn 0.824003 -0.433574 0.364737
vn 0.824003 -0.433574 0.364737
vn 0.824003 -0.433574 0.364737
vn 0 0.944794 0.327664
vn 0 0.944794 0.327664
vn 0 0.944794 0.327664
vn 0 0.944794 0.327664
vn -0.595564 -0.466825 0.653742
vn 0 0.944794 0.327664
vn 0 0.944794 0.327664
vn 0 0.944794 0.327664
vn 0 0.944794 0.327664
vn 0 0.944794 0.327664
vn 0 0.944794 0.327664
vn 0 0.944794 0.327664
vn -0.860913 0.150522 -0.485976
vn -0.860913 0.150522 -0.485976
vn -0.65127 0.744058 -0.149078
vn -0.603237 -0.424101 0.675458
vn -0.603237 -0.424101 0.675458
vn 0 0.944794 0.327664
vn 0 0.944794 0.327664
vn 0 0.944794 0.327664
vn 0 0.944794 0.327664
vn 0 0.944794 0.327664
vn 0 0.944794 0.327664
vn 0 0.944794 0.327664
vn 0 0.944794 0.327664
vn -0.769474 -0.275063 -0.576412
vn -0.769474 -0.275063 -0.576412
vn -0.769474 -0.275063 -0.576412
vn -0.611629 -0.503204 0.610488
vn 0 0.944794 0.327664
vn 0 0.944794 0.327664
vn 0 0.944794 0.327664
vn -0.584351 -0.36517 0.724696
vn -0.441681 -0.725545 -0.527733
vn 0.663949 -0.730058 0.161821
vn 0.663949 -0.730058 0.161821
vn 0 0.944794 0.327664
vn 0 0.944794 0.327664
vn 0.861037 -0.166631 0.480467
vn -0.861037 0.166631 -0.480467
vn 0 0.944794 0.327664
vn 0 0.944794 0.327664
vn 0 0.944794 0.327664
vn 0 0.944794 0.327664
vn -0.484504 -0.555832 0.675504
vn 0.861037 -0.166631 0.480467
vn -0.861037 0.166631 -0.480467
vn -0.500575 -0.550116 0.668429
vn -0.806893 0.4859 -0.335893
vn 0.50853 0.282139 -0.813508
vn 0.508528 0.282137 -0.81351
vn 0.810256 -0.476469 0.341267
vn -0.806893 0.4859 -0.335894
vn 0.810246 -0.476474 0.341283
vn 0.50854 0.282133 -0.813504
vn 0.861037 -0.166631 0.480467
vn -0.861037 0.166631 -0.480467
vn 0.508542 0.282133 -0.813503
vn 0.861037 -0.166631 0.480467
vn -0.861037 0.166631 -0.480467
usemtl White_porcelai1
f -62/-62/-62 -90/-90/-90 -25/-25/-25
f -25/-25/-25 -90/-90/-90 -81/-81/-81
f -81/-81/-81 -90/-90/-90 -73/-73/-73
f -73/-73/-73 -90/-90/-90 -71/-71/-71
f -73/-73/-73 -71/-71/-71 -7/-7/-7
f -73/-73/-73 -7/-7/-7 -9/-9/-9
f -9/-9/-9 -7/-7/-7 -2/-2/-2
f -9/-9/-9 -2/-2/-2 -5/-5/-5
f -52/-52/-52 -62/-62/-62 -25/-25/-25
f -18/-18/-18 -58/-58/-58 -62/-62/-62
f -38/-38/-38 -59/-59/-59 -62/-62/-62
f -28/-28/-28 -83/-83/-83 -44/-44/-44
f -44/-44/-44 -83/-83/-83 -85/-85/-85
f -29/-29/-29 -44/-44/-44 -41/-41/-41
f -46/-46/-46 -86/-86/-86 -68/-68/-68
