mtllib lambda_shuttle.mtl
g SH_SUPPORT
v 71.2089 3073.86 -1873.75
v 71.2089 3073.86 -1873.75
v 71.2089 3073.86 -1873.75
v 73.5682 3075.17 -1877.52
v 73.5682 3075.17 -1877.52
v 73.5682 3075.17 -1877.52
v 71.2089 3092.46 -1867.3
v 71.2089 3092.46 -1867.3
v 73.5682 3093.77 -1871.07
v 73.5682 3093.77 -1871.07
v 90.2291 3084.41 -1904.17
v 90.2291 3084.41 -1904.17
v 90.2291 3084.41 -1904.17
v 92.5884 3085.72 -1907.95
v 92.5884 3085.72 -1907.95
v 92.5884 3085.72 -1907.95
v 111.888 3065.99 -1851.05
v 111.888 3065.99 -1851.05
v 111.888 3065.99 -1851.05
v 114.247 3067.3 -1854.82
v 114.247 3067.3 -1854.82
v 114.247 3067.3 -1854.82
v 90.2291 3103.01 -1897.72
v 90.2291 3103.01 -1897.72
v 79.9529 3120.5 -1852.1
v 79.9529 3120.5 -1852.1
v 79.9529 3120.5 -1852.1
v 92.5884 3104.32 -1901.5
v 92.5884 3104.32 -1901.5
v 82.3122 3121.81 -1855.88
v 82.3122 3121.81 -1855.88
v 82.3122 3121.81 -1855.88
v 111.888 3084.59 -1844.6
v 111.888 3084.59 -1844.6
v 114.247 3085.89 -1848.37
v 114.247 3085.89 -1848.37
v 109.249 3094.96 -1934.6
v 109.249 3094.96 -1934.6
v 109.249 3094.96 -1934.6
v 111.609 3096.27 -1938.37
v 111.609 3096.27 -1938.37
v 111.609 3096.27 -1938.37
v 130.908 3076.54 -1881.47
v 130.908 3076.54 -1881.47
v 130.908 3076.54 -1881.47
v 133.267 3077.85 -1885.25
v 133.267 3077.85 -1885.25
v 133.267 3077.85 -1885.25
v 104.231 3115.8 -1838.56
v 104.231 3115.8 -1838.56
v 104.231 3115.8 -1838.56
v 106.59 3117.11 -1842.33
v 106.59 3117.11 -1842.33
v 106.59 3117.11 -1842.33
v 109.249 3113.56 -1928.15
v 109.249 3113.56 -1928.15
v 98.9731 3131.05 -1882.53
v 98.9731 3131.05 -1882.53
v 98.9731 3131.05 -1882.53
v 111.609 3114.87 -1931.92
v 111.609 3114.87 -1931.92
v 101.332 3132.36 -1886.3
v 101.332 3132.36 -1886.3
v 101.332 3132.36 -1886.3
v 130.908 3095.14 -1875.02
v 130.908 3095.14 -1875.02
v 133.267 3096.45 -1878.8
v 133.267 3096.45 -1878.8
v 149.928 3087.09 -1911.9
v 149.928 3087.09 -1911.9
v 149.928 3087.09 -1911.9
v 152.288 3088.4 -1915.67
v 152.288 3088.4 -1915.67
v 152.288 3088.4 -1915.67
v 123.251 3126.36 -1868.98
v 123.251 3126.36 -1868.98
v 123.251 3126.36 -1868.98
v 125.61 3127.66 -1872.76
v 125.61 3127.66 -1872.76
v 125.61 3127.66 -1872.76
v 117.993 3141.61 -1912.96
v 117.993 3141.61 -1912.96
v 117.993 3141.61 -1912.96
v 120.353 3142.91 -1916.73
v 120.353 3142.91 -1916.73
v 120.353 3142.91 -1916.73
v 149.928 3105.69 -1905.45
v 149.928 3105.69 -1905.45
v 152.288 3107 -1909.22
v 152.288 3107 -1909.22
v 142.271 3136.91 -1899.41
v 142.271 3136.91 -1899.41
v 142.271 3136.91 -1899.41
v 144.631 3138.22 -1903.18
v 144.631 3138.22 -1903.18
v 144.631 3138.22 -1903.18
vt 0.497606 0.825116
vt 0.252277 0.999997
vt 0.857827 0.73891
vt 0.502394 0.82512
vt 0.853038 0.73891
vt 0.110104 7.45786e-009
vt 0.497606 0.51724
vt 0.264464 0.753657
vt 0.502394 0.51724
vt 0.122291 0.246344
vt 0.568692 0.825116
vt 0.355433 0.468751
vt 1 0.73891
vt 0.573481 0.82512
vt 0.995212 0.73891
vt 0.0390171 7.45786e-009
vt 0.21326 0.556777
vt 0.857827 7.45786e-009
vt 0.710865 3.81842e-006
vt 0.853038 7.45786e-009
vt 0.0710865 0.443218
vt 0.715654 0
vt 0.568692 0.51724
vt 0.368322 0.706745
vt 0.497606 7.45786e-009
vt 0.275563 0.264522
vt 0.462063 0.435146
vt 0.573481 0.51724
vt 0.0512044 0.246344
vt 0.502394 7.45786e-009
vt 0.466788 0.446926
vt 0.13339 0.735478
vt 0.225447 0.310437
vt 0.710865 0.30788
vt 0.0832739 0.689562
vt 0.715654 0.30788
vt 0.426519 0.825116
vt 0.284346 0.468751
vt 0.924125 7.45786e-009
vt 0.431308 0.82512
vt 0.928914 7.45786e-009
vt 0.18119 7.45786e-009
vt 0.393128 7.45786e-009
vt 1 7.45786e-009
vt 0.78674 0.819398
vt 0.995212 7.45786e-009
vt 0 0.443218
vt 0.781952 0.819401
vt 0.252277 7.45786e-009
vt 0.466788 7.45786e-009
vt 0.710865 0.819401
vt 0.471513 0.0117805
vt 0.110104 1
vt 0.715654 0.819401
vt 0.426519 0.51724
vt 0.297235 0.706745
vt 0.568692 7.45786e-009
vt 0.397033 0.986506
vt 0.537938 7.45786e-009
vt 0.431308 0.51724
vt 0.193377 0.246344
vt 0.573481 7.45786e-009
vt 0.533149 7.45786e-009
vt 0.0623032 0.735478
vt 0.406017 0.237994
vt 0.78674 0.511522
vt 0.0121873 0.689562
vt 0.781952 0.511522
vt 0.322041 7.45786e-009
vt 0.924125 0.73891
vt 0.639779 3.81842e-006
vt 0.928914 0.73891
vt 0.142173 0.443218
vt 0.644568 0
vt 0.41953 0.706745
vt 0.537938 0.440997
vt 0.78674 7.45786e-009
vt 0.533149 0.440997
vt 0.0390171 1
vt 0.781952 7.45786e-009
vt 0.426519 7.45786e-009
vt 0.325946 0.986506
vt 0.466851 0.538586
vt 0.431308 7.45786e-009
vt 0.462063 0.538586
vt 0.204476 0.735478
vt 0.334931 0.237994
vt 0.639779 0.30788
vt 0.15436 0.689562
vt 0.644568 0.30788
vt 0.348443 0.706745
vt 0.466851 0.979583
vt 0.639779 0.819401
vt 0.462063 0.979583
vt 0.18119 1
vt 0.644568 0.819401
vn -0.861037 0.166631 -0.480467
vn -0.508542 -0.282131 0.813503
vn -2.67615e-005 -0.944809 -0.327622
vn -0.861037 0.166631 -0.480467
vn -2.67615e-005 -0.944809 -0.327622
vn 0.508542 0.282131 -0.813503
vn -0.850574 0.31145 -0.423701
vn -0.508542 -0.282131 0.813503
vn -0.850574 0.31145 -0.423701
vn 0.508542 0.282131 -0.813503
vn -0.861037 0.166631 -0.480467
vn -0.508542 -0.282131 0.813503
vn -2.67618e-005 -0.944809 -0.327622
vn -0.861037 0.166631 -0.480467
vn -2.67618e-005 -0.944809 -0.327622
vn 0.508542 0.282131 -0.813503
vn -0.508542 -0.282131 0.813503
vn -2.67615e-005 -0.944809 -0.327622
vn 0.861037 -0.166631 0.480467
vn -2.67615e-005 -0.944809 -0.327622
vn 0.508542 0.282131 -0.813503
vn 0.861037 -0.166631 0.480467
vn -0.850574 0.31145 -0.423701
vn -0.508542 -0.282131 0.813503
vn -0.819438 0.4487 -0.356637
vn -0.508542 -0.282131 0.813503
vn -1.11022e-016 0.944794 0.327664
vn -0.850574 0.31145 -0.423701
vn 0.508542 0.282131 -0.813503
vn -0.819438 0.4487 -0.356637
vn -1.11022e-016 0.944794 0.327664
vn 0.508542 0.282131 -0.813503
vn -0.508542 -0.282131 0.813503
vn 0.852889 -0.0353816 0.520892
vn 0.508542 0.282131 -0.813503
vn 0.852889 -0.0353815 0.520892
vn -0.861037 0.166631 -0.480467
vn -0.508542 -0.282131 0.813503
vn -2.67601e-005 -0.944809 -0.327622
vn -0.861037 0.166631 -0.480467
vn -2.67601e-005 -0.944809 -0.327622
vn 0.508542 0.282131 -0.813503
vn -0.508542 -0.282131 0.813503
vn -2.67618e-005 -0.944809 -0.327622
vn 0.861037 -0.166631 0.480467
vn -2.67618e-005 -0.944809 -0.327622
vn 0.508542 0.282131 -0.813503
vn 0.861037 -0.166631 0.480467
vn -0.508542 -0.282131 0.813503
vn -1.11022e-016 0.944794 0.327664
vn 0.828598 0.0965376 0.551458
vn -1.11022e-016 0.944794 0.327664
vn 0.508542 0.282131 -0.813503
vn 0.828598 0.0965376 0.551458
vn -0.850574 0.31145 -0.423701
vn -0.508542 -0.282131 0.813503
vn -0.819438 0.4487 -0.356637
vn -0.508542 -0.282131 0.813503
vn -1.11022e-016 0.944794 0.327664
vn -0.850574 0.31145 -0.423701
vn 0.508542 0.282131 -0.813503
vn -0.819438 0.4487 -0.356637
vn -1.11022e-016 0.944794 0.327664
vn 0.508542 0.282131 -0.813503
vn -0.508542 -0.282131 0.813503
vn 0.852889 -0.0353815 0.520892
vn 0.508542 0.282131 -0.813503
vn 0.852889 -0.0353815 0.520892
vn -0.508542 -0.282131 0.813503
vn -2.67601e-005 -0.944809 -0.327622
vn 0.861037 -0.166631 0.480467
vn -2.67601e-005 -0.944809 -0.327622
vn 0.508542 0.282131 -0.813503
vn 0.861037 -0.166631 0.480467
vn -0.508542 -0.282131 0.813503
vn -1.11022e-016 0.944794 0.327664
vn 0.828598 0.0965376 0.551458
vn -1.11022e-016 0.944794 0.327664
vn 0.508542 0.282131 -0.813503
vn 0.828598 0.0965377 0.551458
vn -0.819438 0.4487 -0.356637
vn -0.508542 -0.282131 0.813503
vn -1.11022e-016 0.944794 0.327664
vn -0.819438 0.4487 -0.356637
vn -1.11022e-016 0.944794 0.327664
vn 0.508542 0.282131 -0.813503
vn -0.508542 -0.282131 0.813503
vn 0.852889 -0.0353815 0.520892
vn 0.508542 0.282131 -0.813503
vn 0.852889 -0.0353815 0.520892
vn -0.508542 -0.282131 0.813503
vn -1.11022e-016 0.944794 0.327664
vn 0.828598 0.0965376 0.551458
vn -1.11022e-016 0.944794 0.327664
vn 0.508542 0.282131 -0.813503
vn 0.828598 0.0965376 0.551458
usemtl BlackInodizedAl0
f -81/-81/-81 -18/-18/-18 -50/-50/-50
f -50/-50/-50 -18/-18/-18 -30/-30/-30
f -18/-18/-18 -81/-81/-81 -68/-68/-68
f -18/-18/-18 -68/-68/-68 -33/-33/-33
f -91/-91/-91 -44/-44/-44 -76/-76/-76
f -76/-76/-76 -44/-44/-44 -62/-62/-62
f -44/-44/-44 -91/-91/-91 -87/-87/-87
f -44/-44/-44 -87/-87/-87 -65/-65/-65
f -55/-55/-55 -2/-2/-2 -24/-24/-24
f -24/-24/-24 -2/-2/-2 -8/-8/-8
f -2/-2/-2 -55/-55/-55 -36/-36/-36
f -2/-2/-2 -36/-36/-36 -11/-11/-11
f -48/-48/-48 -95/-95/-95 -80/-80/-80
f -48/-48/-48 -80/-80/-80 -64/-64/-64
f -95/-95/-95 -48/-48/-48 -71/-71/-71
f -95/-95/-95 -71/-71/-71 -89/-89/-89
f -6/-6/-6 -41/-41/-41 -28/-28/-28
f -6/-6/-6 -28/-28/-28 -10/-10/-10
f -41/-41/-41 -6/-6/-6 -15/-15/-15
f -28/-28/-28 -41/-41/-41 -59/-59/-59
f -22/-22/-22 -73/-73/-73 -54/-54/-54
f -22/-22/-22 -54/-54/-54 -32/-32/-32
f -73/-73/-73 -22/-22/-22 -39/-39/-39
f -54/-54/-54 -73/-73/-73 -85/-85/-85
f -56/-56/-56 -25/-25/-25 -58/-58/-58
f -58/-58/-58 -25/-25/-25 -27/-27/-27
f -79/-79/-79 -94/-94/-94 -77/-77/-77
f -77/-77/-77 -94/-94/-94 -92/-92/-92
f -53/-53/-53 -84/-84/-84 -51/-51/-51
f -51/-51/-51 -84/-84/-84 -82/-82/-82
f -13/-13/-13 -37/-37/-37 -16/-16/-16
f -16/-16/-16 -37/-37/-37 -42/-42/-42
f -42/-42/-42 -37/-37/-37 -57/-57/-57
f -42/-42/-42 -57/-57/-57 -60/-60/-60
f -67/-67/-67 -88/-88/-88 -72/-72/-72
f -72/-72/-72 -88/-88/-88 -90/-90/-90
f -90/-90/-90 -88/-88/-88 -96/-96/-96
f -96/-96/-96 -88/-88/-88 -93/-93/-93
f -35/-35/-35 -69/-69/-69 -40/-40/-40
f -40/-40/-40 -69/-69/-69 -74/-74/-74
f -74/-74/-74 -69/-69/-69 -83/-83/-83
f -74/-74/-74 -83/-83/-83 -86/-86/-86
f -7/-7/-7 -1/-1/-1 -9/-9/-9
f -9/-9/-9 -1/-1/-1 -4/-4/-4
f -7/-7/-7 -9/-9/-9 -23/-23/-23
f -23/-23/-23 -9/-9/-9 -26/-26/-26
f -61/-61/-61 -43/-43/-43 -63/-63/-63
f -63/-63/-63 -43/-43/-43 -46/-46/-46
f -61/-61/-61 -63/-63/-63 -75/-75/-75
f -75/-75/-75 -63/-63/-63 -78/-78/-78
f -20/-20/-20 -31/-31/-31 -17/-17/-17
f -17/-17/-17 -31/-31/-31 -29/-29/-29
f -29/-29/-29 -31/-31/-31 -52/-52/-52
f -29/-29/-29 -52/-52/-52 -49/-49/-49
f -5/-5/-5 -3/-3/-3 -12/-12/-12
f -5/-5/-5 -12/-12/-12 -14/-14/-14
f -47/-47/-47 -66/-66/-66 -70/-70/-70
f -66/-66/-66 -47/-47/-47 -45/-45/-45
f -21/-21/-21 -19/-19/-19 -34/-34/-34
f -21/-21/-21 -34/-34/-34 -38/-38/-38
g SH_ENGINE
v -21.7602 2955.87 -2100.41
v -15.8976 2970.41 -2105.87
v -13.7517 2987.02 -2103.96
v -15.8976 3001.25 -2095.18
v -21.7602 3009.28 -2081.88
v 310.451 2891.57 -1915.03
v 316.314 2906.11 -1920.49
v 318.46 2922.72 -1918.58
v 316.314 2936.95 -1909.8
v 310.451 2944.99 -1896.51
vt 1 1
vt 0.751903 1
vt 0.5 1
vt 0.248092 1
vt 0 1
vt 1 7.90966e-008
vt 0.751903 7.90966e-008
vt 0.5 0
vt 0.248092 0
vt 0 0
vn 0.365954 -0.453014 -0.812931
vn 0.443758 -0.215267 -0.869908
vn 0.508542 0.282128 -0.813504
vn 0.443756 0.707652 -0.549827
vn 0.365947 0.859076 -0.357872
vn 0.365954 -0.453014 -0.812931
vn 0.443758 -0.215267 -0.869908
vn 0.508542 0.282128 -0.813504
vn 0.443756 0.707652 -0.549827
vn 0.365947 0.859075 -0.357872
usemtl BLUE_GLOW
f -8/-8/-8 -7/-7/-7 -2/-2/-2
f -8/-8/-8 -2/-2/-2 -3/-3/-3
f -2/-2/-2 -7/-7/-7 -1/-1/-1
f -1/-1/-1 -7/-7/-7 -6/-6/-6
f -8/-8/-8 -3/-3/-3 -9/-9/-9
f -9/-9/-9 -3/-3/-3 -4/-4/-4
f -9/-9/-9 -4/-4/-4 -10/-10/-10
f -10/-10/-10 -4/-4/-4 -5/-5/-5
g SHUTTLE_WING0
v 475.914 2282.05 -1692.26
v 475.914 2282.05 -1692.26
v 475.914 2282.05 -1692.26
v 477.574 2283.08 -1690.86
v 477.574 2283.08 -1690.86
v 479.764 2284.59 -1688.97
v 481.476 2285.69 -1687.52
v 481.476 2285.69 -1687.52
v 118.677 2715.84 -1639.34
v 118.677 2715.84 -1639.34
v 118.677 2715.84 -1639.34
v 131.432 2713.37 -1632.22
v 131.432 2713.37 -1632.22
v 131.432 2713.37 -1632.22
v 125.665 2706.21 -1658.86
v 125.665 2706.21 -1658.86
v 127.628 2706.99 -1657.37
v 139.335 2712.4 -1648.17
v 141.297 2713.18 -1646.67
v 141.297 2713.18 -1646.67
v 130.517 2726.19 -1656.96
v 130.517 2726.19 -1656.96
v 130.517 2726.19 -1656.96
v 143.271 2723.72 -1649.85
v 143.271 2723.72 -1649.85
v 143.271 2723.72 -1649.85
v 113.931 2764.53 -1613.94
v 113.931 2764.53 -1613.94
v 113.931 2764.53 -1613.94
v 126.685 2762.06 -1606.83
v 126.685 2762.06 -1606.83
v 126.685 2762.06 -1606.83
v 113.653 2778.37 -1612.31
v 113.653 2778.37 -1612.31
v 115.615 2777.99 -1611.21
v 127.322 2775.72 -1604.68
v 129.284 2775.34 -1603.59
v 129.284 2775.34 -1603.59
v 125.77 2774.88 -1631.57
v 125.77 2774.88 -1631.57
v 125.77 2774.88 -1631.57
v 138.524 2772.41 -1624.45
v 138.524 2772.41 -1624.45
v 138.524 2772.41 -1624.45
v 593.96 2347.54 -1881.09
v 593.96 2347.54 -1881.09
v 593.96 2347.54 -1881.09
v 595.619 2348.57 -1879.7
v 595.619 2348.57 -1879.7
v 597.809 2350.08 -1877.8
v 597.809 2350.08 -1877.8
v 599.521 2351.18 -1876.35
v 599.521 2351.18 -1876.35
v 599.521 2351.18 -1876.35
v 287.249 2795.85 -1917.35
v 287.249 2795.85 -1917.35
v 289.211 2796.63 -1915.85
v 300.918 2802.04 -1906.65
v 302.881 2802.82 -1905.16
v 302.881 2802.82 -1905.16
v 287.249 2874.68 -1890.01
v 287.249 2874.68 -1890.01
v 289.211 2874.3 -1888.91
v 300.918 2872.03 -1882.38
v 302.881 2871.65 -1881.29
v 302.881 2871.65 -1881.29
vt 0.0873851 6.3798e-008
vt 0.245446 0.000277928
vt 0.368998 2.4304e-008
vt 0.246348 3.038e-009
vt 0.368094 0
vt 0.369033 0.519135
vt 0.368094 0.519135
vt 0.531914 5.1646e-008
vt 0.162265 0.129784
vt 0.158758 0.0909066
vt 0.153372 0.55676
vt 0.153372 0.084783
vt 0.158949 0.55676
vt 0.192221 0.259567
vt 0.119615 0.867112
vt 0.245396 0.878047
vt 0.246348 0.877163
vt 0.19804 0.110478
vt 0.197065 0.110478
vt 0.499684 0.861888
vt 0.153372 0.129784
vt 0.153372 0.519135
vt 0.153372 0.347359
vt 0.158949 0.519135
vt 0.158949 0.347359
vt 0.200394 0.274389
vt 0.162265 0.217575
vt 0.164143 0.00612359
vt 0.158097 0.433762
vt 0.158758 3.038e-009
vt 0.153372 0.421227
vt 0.184047 0.34026
vt 0.128508 1
vt 0.266175 0.98456
vt 0.266837 0.98225
vt 0.184812 3.038e-009
vt 0.184047 0.00163906
vt 0.490792 0.977923
vt 0.153372 0.217575
vt 0.162821 0.401886
vt 0.153372 0.259567
vt 0.158097 0.389351
vt 0.158949 0.259567
vt 0.192221 0.355082
vt 0 1.61014e-007
vt 0.736237 0.967625
vt 0.368998 0.369727
vt 0.737139 0.967907
vt 0.368094 0.369727
vt 0.981601 0.953515
vt 0.369033 0.888861
vt 0.982539 0.953678
vt 0.368094 0.888861
vt 0.619299 3.038e-009
vt 2.29771e-008 0.867112
vt 0.736188 0.100513
vt 0.737139 0.101409
vt 0.981584 0.0909868
vt 0.982539 0.0917898
vt 0.619299 0.861888
vt 2.29771e-008 1
vt 0.756733 3.038e-009
vt 0.757382 0.0023745
vt 0.999338 9.114e-009
vt 1 0.00231109
vt 0.619299 0.977923
vn -0.651133 -0.492187 -0.577735
vn -0.422298 -0.412269 0.807279
vn 0.513818 -0.85757 0.0237866
vn -0.422344 -0.412304 0.807237
vn 0.513818 -0.85757 0.0237866
vn 0.520572 -0.853308 0.0294869
vn 0.520572 -0.853308 0.0294869
vn 0.663977 0.473028 0.57912
vn -0.861037 0.166631 -0.480467
vn -0.501196 -0.438057 0.746263
vn 0.0861211 -0.883369 -0.460698
vn -0.501196 -0.438057 0.746263
vn 0.0861211 -0.883369 -0.460698
vn 0.861037 -0.166631 0.480467
vn -0.82069 -0.127004 -0.55708
vn -0.403282 -0.480297 0.778896
vn -0.397501 -0.490944 0.77522
vn -0.39516 -0.493196 0.774988
vn -0.387341 -0.50712 0.769933
vn 0.824129 0.114166 0.554778
vn -0.861037 0.166631 -0.480467
vn 0.0861211 -0.883369 -0.460698
vn 0.501196 0.438056 -0.746264
vn 0.0861211 -0.883369 -0.460698
vn 0.501196 0.438056 -0.746264
vn 0.861037 -0.166631 0.480467
vn -0.861037 0.166631 -0.480467
vn -0.501196 -0.438057 0.746263
vn -0.0861208 0.883369 0.460697
vn -0.501196 -0.438057 0.746263
vn -0.0861208 0.883369 0.460697
vn 0.861037 -0.166631 0.480467
vn -0.861037 0.166631 -0.480467
vn -0.486637 -0.532451 0.69259
vn -0.488773 -0.532093 0.69136
vn -0.481101 -0.560229 0.674304
vn -0.483758 -0.55979 0.672766
vn 0.861037 -0.166631 0.480467
vn -0.861037 0.166631 -0.480467
vn -0.0861208 0.883369 0.460697
vn 0.501196 0.438056 -0.746264
vn -0.0861208 0.883369 0.460697
vn 0.501196 0.438056 -0.746264
vn 0.861037 -0.166631 0.480467
vn -0.651133 -0.492187 -0.577735
vn 0.508542 0.282131 -0.813503
vn 0.513807 -0.857576 0.023778
vn 0.508542 0.282131 -0.813503
vn 0.513807 -0.857576 0.0237779
vn 0.508542 0.282131 -0.813503
vn 0.520572 -0.853308 0.0294869
vn 0.508542 0.282131 -0.813503
vn 0.520572 -0.853308 0.0294869
vn 0.663977 0.473028 0.57912
vn -0.806857 -0.173709 -0.564631
vn 0.508542 0.282131 -0.813503
vn 0.508542 0.282131 -0.813503
vn 0.508542 0.282131 -0.813503
vn 0.508542 0.282131 -0.813503
vn 0.810276 0.162796 0.562983
vn -0.861037 0.166631 -0.480467
vn 0.508542 0.282131 -0.813503
vn 0.508542 0.282131 -0.813503
vn 0.508542 0.282131 -0.813503
vn 0.508542 0.282131 -0.813503
vn 0.861037 -0.166631 0.480467
usemtl Flat_white0
f -52/-52/-52 -12/-12/-12 -66/-66/-66
f -66/-66/-66 -12/-12/-12 -22/-22/-22
f -12/-12/-12 -52/-52/-52 -6/-6/-6
f -6/-6/-6 -52/-52/-52 -34/-34/-34
f -13/-13/-13 -7/-7/-7 -47/-47/-47
f -13/-13/-13 -47/-47/-47 -59/-59/-59
f -47/-47/-47 -7/-7/-7 -29/-29/-29
f -29/-29/-29 -7/-7/-7 -1/-1/-1
f -63/-63/-63 -50/-50/-50 -51/-51/-51
f -63/-63/-63 -51/-51/-51 -65/-65/-65
f -51/-51/-51 -50/-50/-50 -33/-33/-33
f -33/-33/-33 -50/-50/-50 -32/-32/-32
f -10/-10/-10 -19/-19/-19 -11/-11/-11
f -11/-11/-11 -19/-19/-19 -21/-21/-21
f -10/-10/-10 -11/-11/-11 -5/-5/-5
f -10/-10/-10 -5/-5/-5 -4/-4/-4
f -8/-8/-8 -15/-15/-15 -9/-9/-9
f -9/-9/-9 -15/-15/-15 -17/-17/-17
f -8/-8/-8 -9/-9/-9 -3/-3/-3
f -8/-8/-8 -3/-3/-3 -2/-2/-2
f -58/-58/-58 -40/-40/-40 -28/-28/-28
f -58/-58/-58 -28/-28/-28 -46/-46/-46
f -53/-53/-53 -23/-23/-23 -35/-35/-35
f -23/-23/-23 -53/-53/-53 -41/-41/-41
f -37/-37/-37 -57/-57/-57 -55/-55/-55
f -57/-57/-57 -37/-37/-37 -39/-39/-39
f -42/-42/-42 -44/-44/-44 -26/-26/-26
f -42/-42/-42 -26/-26/-26 -24/-24/-24
f -61/-61/-61 -16/-16/-16 -60/-60/-60
f -60/-60/-60 -16/-16/-16 -14/-14/-14
f -20/-20/-20 -18/-18/-18 -62/-62/-62
f -20/-20/-20 -62/-62/-62 -64/-64/-64
f -25/-25/-25 -38/-38/-38 -36/-36/-36
f -38/-38/-38 -25/-25/-25 -27/-27/-27
f -54/-54/-54 -56/-56/-56 -45/-45/-45
f -54/-54/-54 -45/-45/-45 -43/-43/-43
f -49/-49/-49 -48/-48/-48 -31/-31/-31
f -31/-31/-31 -48/-48/-48 -30/-30/-30
g SHUTTLE_BROWN0
v 477.574 2283.08 -1690.86
v 479.764 2284.59 -1688.97
v 479.764 2284.59 -1688.97
v 481.476 2285.69 -1687.52
v 478.744 2289.53 -1697.67
v 478.744 2289.53 -1697.67
v 478.744 2289.53 -1697.67
v 481.096 2291.01 -1695.69
v 481.096 2291.01 -1695.69
v 481.096 2291.01 -1695.69
v 481.565 2291.45 -1696.57
v 481.562 2291.45 -1696.59
v 126.907 2706.44 -1658.01
v 127.462 2707.02 -1657.46
v 127.628 2706.99 -1657.37
v 139.335 2712.4 -1648.17
v 139.335 2712.4 -1648.17
v 141.297 2713.18 -1646.67
v 136.307 2710.58 -1670.2
v 135.954 2711 -1670.17
v 135.976 2711.01 -1670.17
v 135.619 2711.42 -1670.15
v 135.619 2711.42 -1670.15
v 135.619 2711.42 -1670.15
v 135.619 2711.42 -1670.15
v 135.592 2711.49 -1670.08
v 135.643 2711.43 -1670.13
v 135.619 2711.5 -1670.1
v 135.588 2711.56 -1670.05
v 147.327 2716.83 -1660.96
v 147.327 2716.83 -1660.96
v 147.535 2716.95 -1661.29
v 147.535 2716.95 -1661.29
v 147.521 2716.98 -1661.29
v 115.615 2777.99 -1611.21
v 127.322 2775.72 -1604.68
v 123.441 2782.46 -1624.09
v 123.607 2782.42 -1624
v 123.607 2782.42 -1624
v 123.668 2782.52 -1624.14
v 135.314 2780.16 -1617.47
v 135.314 2780.16 -1617.47
v 588.401 2350.36 -1873.09
v 588.401 2350.36 -1873.09
v 588.401 2350.36 -1873.09
v 590.753 2351.85 -1871.1
v 590.753 2351.85 -1871.1
v 590.753 2351.85 -1871.1
v 595.619 2348.57 -1879.7
v 597.809 2350.08 -1877.8
v 284.868 2794.22 -1908.9
v 284.868 2794.22 -1908.9
v 289.211 2796.63 -1915.85
v 296.575 2799.63 -1899.7
v 296.575 2799.63 -1899.7
v 300.919 2802.04 -1906.65
v 284.867 2871.89 -1881.96
v 284.867 2871.89 -1881.96
v 296.575 2869.62 -1875.43
v 296.575 2869.62 -1875.43
v 289.211 2874.3 -1888.91
v 300.919 2872.03 -1882.38
vt 0.121952 0.941206
vt 0.259169 0.924658
vt 0.744845 0.000149346
vt 0.745751 0
vt 1 0.806205
vt 0.125378 0
vt 0.11879 0.935778
vt 0.262264 0.918838
vt 0.998763 0.806583
vt 0.124138 8.00903e-005
vt -0.00150913 0.120486
vt -0.00150913 0.120486
vt -0.000924661 -0.0294924
vt -0.000924661 -0.0294924
vt 0.11879 0.125903
vt 0.253361 0.113243
vt 0.744829 0.811909
vt 0.745751 0.811172
vt -0.00150913 0.120486
vt -0.000924661 -0.0294924
vt -0.00150913 0.120486
vt 0.129142 0.63284
vt 0.998763 0
vt 0.113167 0.129883
vt 0.259753 0.0929427
vt -0.000924661 -0.0294924
vt -0.00713184 -0.00217288
vt -0.00150913 -0.00615326
vt -0.000924661 -0.0294924
vt 0.124138 0.621278
vt 0.259021 0.116205
vt 0.993105 0.00425888
vt 0.259169 0.116282
vt -0.00713184 -0.00217288
vt 0.122135 5.64821e-009
vt 0.248276 5.64821e-009
vt -0.000924661 -0.0294924
vt 0.129142 0.506201
vt 0.116512 0.0039804
vt -0.00150913 -0.00615326
vt 0.253937 0.00296158
vt 0.124205 0.506153
vt 0.497786 0
vt 0.126618 0.319233
vt 0.0416395 0.990394
vt 0.339931 0.959477
vt 0.496552 0.000531022
vt 0.125378 0.319313
vt 0.0389004 1
vt 0.342777 0.968406
vt 0.531744 0.785834
vt 0.00816244 0.204218
vt 0.00510645 0.206381
vt 0.364733 0.171517
vt 0.525992 0.785834
vt 0.36781 0.173127
vt 0.516431 0.890314
vt 0.00305605 0.0842981
vt 0.368157 0.0627255
vt 0.512193 0.879987
vt 0 0.0864615
vt 0.371234 0.0643354
vn 0.651263 0.492098 0.577664
vn -0.663989 -0.470574 -0.581102
vn -0.420934 -0.412025 0.808115
vn -0.420983 -0.412061 0.808071
vn -0.42922 -0.401846 0.808882
vn 0.516859 -0.855665 0.0263482
vn 0.651215 0.492132 0.577689
vn -0.665124 -0.469668 -0.580536
vn -0.42909 -0.401746 0.809
vn 0.516859 -0.855665 0.0263483
vn 0 0.944794 0.327664
vn 0 0.944794 0.327664
vn 0 0.944794 0.327664
vn 0 0.944794 0.327664
vn 0.820821 0.126526 0.556996
vn -0.824003 -0.114646 -0.554866
vn -0.39516 -0.493196 0.774988
vn -0.387341 -0.50712 0.769933
vn 0 0.944794 0.327664
vn 0 0.944794 0.327664
vn 0 0.944794 0.327664
vn -0.389346 -0.465494 0.794812
vn -0.389346 -0.465494 0.794812
vn 0.793121 0.214296 0.57012
vn 0.793121 0.214296 0.57012
vn 0 0.944794 0.327664
vn 0 0.944794 0.327664
vn 0 0.944794 0.327664
vn 0 0.944794 0.327664
vn -0.354237 -0.553015 0.754116
vn 0.769474 -0.572885 0.282335
vn -0.422292 -0.396532 0.815127
vn -0.184123 -0.887297 -0.422851
vn 0 0.944794 0.327664
vn 0.861037 -0.166631 0.480467
vn -0.861037 0.166631 -0.480467
vn 0 0.944794 0.327664
vn -0.469252 -0.556178 0.685907
vn 0.861037 -0.166631 0.480467
vn 0 0.944794 0.327664
vn -0.861037 0.166631 -0.480467
vn -0.484504 -0.555832 0.675504
vn 0.508577 0.282158 -0.813472
vn 0.516849 -0.855671 0.0263398
vn 0.651159 0.492081 0.577796
vn -0.666544 -0.470749 -0.578027
vn 0.508576 0.282157 -0.813473
vn 0.516849 -0.855671 0.0263398
vn 0.651173 0.49203 0.577824
vn -0.666221 -0.472065 -0.577325
vn 0.508554 0.282134 -0.813495
vn 0.806893 0.173594 0.564614
vn 0.806893 0.173595 0.564614
vn -0.810256 -0.162862 -0.562994
vn 0.508555 0.282132 -0.813494
vn -0.810265 -0.162867 -0.562978
vn 0.508542 0.282133 -0.813503
vn 0.861037 -0.166631 0.480467
vn -0.861037 0.166631 -0.480467
vn 0.508543 0.282132 -0.813502
vn 0.861037 -0.166631 0.480467
vn -0.861037 0.166631 -0.480467
usemtl White_porcelai0
f -30/-30/-30 -61/-61/-61 -47/-47/-47
f -30/-30/-30 -47/-47/-47 -32/-32/-32
f -61/-61/-61 -30/-30/-30 -55/-55/-55
f -32/-32/-32 -47/-47/-47 -22/-22/-22
f -22/-22/-22 -47/-47/-47 -27/-27/-27
f -30/-30/-30 -32/-32/-32 -38/-38/-38
f -61/-61/-61 -55/-55/-55 -17/-17/-17
f -61/-61/-61 -17/-17/-17 -13/-13/-13
f -13/-13/-13 -17/-17/-17 -7/-7/-7
f -7/-7/-7 -17/-17/-17 -9/-9/-9
f -7/-7/-7 -9/-9/-9 -1/-1/-1
f -1/-1/-1 -9/-9/-9 -4/-4/-4
f -50/-50/-50 -43/-43/-43 -38/-38/-38
f -49/-49/-49 -38/-38/-38 -37/-37/-37
f -38/-38/-38 -26/-26/-26 -34/-34/-34
f -40/-40/-40 -54/-54/-54 -31/-31/-31
f -54/-54/-54 -40/-40/-40 -58/-58/-58
f -23/-23/-23 -40/-40/-40 -35/-35/-35
f -48/-48/-48 -56/-56/-56 -39/-39/-39
f -56/-56/-56 -48/-48/-48 -62/-62/-62
f -48/-48/-48 -39/-39/-39 -28/-28/-28
f -28/-28/-28 -39/-39/-39 -24/-24/-24
f -56/-56/-56 -62/-62/-62 -18/-18/-18
f -18/-18/-18 -62/-62/-62 -14/-14/-14
f -18/-18/-18 -14/-14/-14 -11/-11/-11
f -11/-11/-11 -14/-14/-14 -10/-10/-10
f -11/-11/-11 -10/-10/-10 -5/-5/-5
f -5/-5/-5 -10/-10/-10 -2/-2/-2
f -39/-39/-39 -29/-29/-29 -36/-36/-36
f -12/-12/-12 -8/-8/-8 -16/-16/-16
f -12/-12/-12 -16/-16/-16 -20/-20/-20
f -8/-8/-8 -12/-12/-12 -3/-3/-3
f -3/-3/-3 -12/-12/-12 -6/-6/-6
f -59/-59/-59 -45/-45/-45 -46/-46/-46
f -59/-59/-59 -46/-46/-46 -60/-60/-60
f -25/-25/-25 -41/-41/-41 -33/-33/-33
f -25/-25/-25 -33/-33/-33 -21/-21/-21
f -52/-52/-52 -41/-41/-41 -44/-44/-44
f -41/-41/-41 -51/-51/-51 -42/-42/-42
f -57/-57/-57 -15/-15/-15 -53/-53/-53
f -15/-15/-15 -57/-57/-57 -19/-19/-19
g SHUTTLE_WING1
v -460.867 2463.34 -2214.99
v -460.867 2463.34 -2214.99
v -460.867 2463.34 -2214.99
v -462.526 2465.01 -2215.45
v -462.526 2465.01 -2215.45
v -464.716 2467.37 -2216
v -466.428 2469.13 -2216.46
v -466.428 2469.13 -2216.46
v -342.821 2528.83 -2403.83
v -342.821 2528.83 -2403.83
v -342.821 2528.83 -2403.83
v -344.481 2530.5 -2404.28
v -344.481 2530.5 -2404.28
v -346.671 2532.86 -2404.83
v -346.671 2532.86 -2404.83
v -348.383 2534.62 -2405.29
v -348.383 2534.62 -2405.29
v -348.383 2534.62 -2405.29
v -220.468 2781.47 -1828.58
v -220.468 2781.47 -1828.58
v -220.468 2781.47 -1828.58
v -207.713 2779.01 -1821.47
v -207.713 2779.01 -1821.47
v -207.713 2779.01 -1821.47
v -197.694 2768.79 -1839.3
v -197.694 2768.79 -1839.3
v -199.656 2770.33 -1839.99
v -211.364 2780.27 -1843.86
v -213.326 2781.81 -1844.56
v -213.326 2781.81 -1844.56
v -208.628 2791.82 -1846.21
v -208.628 2791.82 -1846.21
v -208.628 2791.82 -1846.21
v -195.874 2789.35 -1839.09
v -195.874 2789.35 -1839.09
v -195.874 2789.35 -1839.09
v -225.214 2830.16 -1803.19
v -225.214 2830.16 -1803.19
v -225.214 2830.16 -1803.19
v -212.46 2827.7 -1796.07
v -212.46 2827.7 -1796.07
v -212.46 2827.7 -1796.07
v -225.339 2843.97 -1801.47
v -225.339 2843.97 -1801.47
v -223.376 2843.59 -1800.38
v -211.669 2841.33 -1793.84
v -209.707 2840.95 -1792.75
v -209.707 2840.95 -1792.75
v -213.375 2840.51 -1820.82
v -213.375 2840.51 -1820.82
v -213.375 2840.51 -1820.82
v -200.621 2838.04 -1813.7
v -200.621 2838.04 -1813.7
v -200.621 2838.04 -1813.7
v -36.1103 2858.43 -2097.78
v -36.1103 2858.43 -2097.78
v -38.0726 2859.97 -2098.48
v -49.78 2869.91 -2102.35
v -51.7423 2871.45 -2103.04
v -51.7423 2871.45 -2103.04
v -51.7423 2940.28 -2079.17
v -51.7423 2940.28 -2079.17
v -49.78 2939.9 -2078.07
v -38.0726 2937.64 -2071.54
v -36.1103 2937.26 -2070.45
v -36.1103 2937.26 -2070.45
vt 0.246265 0
vt 0.368133 0.517969
vt 0.122865 0
vt 0.245422 0.00051352
vt 0.368985 0.517969
vt 0.368133 4.01544e-005
vt 0.573099 4.56462e-008
vt 0.369018 0
vt 0.368133 0.865167
vt 0.757166 0.908279
vt 0.198528 0.136179
vt 0.368985 0.865167
vt 0.756317 0.908559
vt 0.369018 0.347218
vt 1 0.895076
vt 0.490844 4.56462e-008
vt 0.369902 0.347178
vt 0.999116 0.895246
vt 0.161759 0.906446
vt 0.214744 0
vt 0.214744 0.423809
vt 0.219993 1.42644e-009
vt 0.219993 0.423809
vt 0.184067 0.906446
vt 0.288194 0.80506
vt 0.0192954 0.698804
vt 0.287276 0.80506
vt 0.306778 0.116245
vt 0.603436 0.809372
vt 0.307608 0.114601
vt 0.153389 0.906446
vt 0.214744 0.388477
vt 0.219993 0.129492
vt 0.219993 0.388477
vt 0.214744 0.129492
vt 0.192437 0.906446
vt 0.161759 0.988888
vt 0.214744 0.0824421
vt 0.214744 0.258985
vt 0.219993 0.0824421
vt 0.219993 0.258985
vt 0.184067 0.988888
vt 0.611806 0.918337
vt 0.308415 0.000101369
vt 0.307608 0
vt 0.273452 0.918908
vt 0.274171 0.920463
vt 0 0.799737
vt 0.153389 0.988888
vt 0.214744 0.294317
vt 0.219993 0.211934
vt 0.219993 0.294317
vt 0.214744 0.211934
vt 0.192437 0.988888
vt 0.756317 0.0940091
vt 0.122865 0.885209
vt 0.755423 0.0948673
vt 0.999116 0.0851112
vt 0.490845 0.809372
vt 0.998218 0.085883
vt 0.490845 0.918337
vt 0.981689 0.00218256
vt 0.982309 0
vt 0.736267 0.00224175
vt 0.736875 0
vt 0.111269 1
vn -0.58237 -0.381289 0.717958
vn -0.513818 -0.658698 -0.549644
vn 0.651133 -0.744206 0.148941
vn -0.582323 -0.381342 0.717968
vn -0.513818 -0.658698 -0.549644
vn -0.520572 -0.651823 -0.551482
vn -0.663977 0.730018 -0.161891
vn -0.520572 -0.651823 -0.551482
vn -0.513807 -0.658709 -0.549641
vn 0.508542 0.282131 -0.813503
vn 0.651133 -0.744206 0.148942
vn -0.513807 -0.658709 -0.549641
vn 0.508542 0.282131 -0.813503
vn -0.520572 -0.651823 -0.551482
vn 0.508542 0.282131 -0.813503
vn -0.663977 0.730018 -0.161891
vn -0.520572 -0.651823 -0.551482
vn 0.508542 0.282131 -0.813503
vn -0.861037 0.166631 -0.480467
vn -0.501196 -0.438057 0.746263
vn 0.0861211 -0.883369 -0.460698
vn -0.501196 -0.438057 0.746263
vn 0.0861211 -0.883369 -0.460698
vn 0.861037 -0.166631 0.480467
vn -0.587589 -0.44463 0.67605
vn 0.820689 -0.44465 0.358825
vn -0.590393 -0.453615 0.667584
vn -0.591976 -0.455108 0.665162
vn -0.824129 0.433143 -0.364965
vn -0.595564 -0.466825 0.653742
vn -0.861037 0.166631 -0.480467
vn 0.0861211 -0.883369 -0.460698
vn 0.501196 0.438056 -0.746264
vn 0.0861211 -0.883369 -0.460698
vn 0.501196 0.438056 -0.746264
vn 0.861037 -0.166631 0.480467
vn -0.861037 0.166631 -0.480467
vn -0.501196 -0.438057 0.746263
vn -0.0861208 0.883369 0.460697
vn -0.501196 -0.438057 0.746263
vn -0.0861208 0.883369 0.460697
vn 0.861037 -0.166631 0.480467
vn -0.861037 0.166631 -0.480467
vn -0.483735 -0.559794 0.672779
vn -0.486417 -0.5592 0.671338
vn -0.488751 -0.532097 0.691372
vn -0.490902 -0.531626 0.69021
vn 0.861037 -0.166631 0.480467
vn -0.861037 0.166631 -0.480467
vn -0.0861208 0.883369 0.460697
vn 0.501196 0.438056 -0.746264
vn -0.0861208 0.883369 0.460697
vn 0.501196 0.438056 -0.746264
vn 0.861037 -0.166631 0.480467
vn 0.508542 0.282131 -0.813503
vn 0.806857 -0.486 0.335837
vn 0.508542 0.282131 -0.813503
vn 0.508542 0.282131 -0.813503
vn -0.810276 0.476411 -0.3413
vn 0.508542 0.282131 -0.813503
vn -0.861037 0.166631 -0.480467
vn 0.508542 0.282131 -0.813503
vn 0.508542 0.282131 -0.813503
vn 0.508542 0.282131 -0.813503
vn 0.508542 0.282131 -0.813503
vn 0.861037 -0.166631 0.480467
usemtl Flat_white1
f -64/-64/-64 -11/-11/-11 -41/-41/-41
f -11/-11/-11 -64/-64/-64 -56/-56/-56
f -41/-41/-41 -11/-11/-11 -1/-1/-1
f -41/-41/-41 -1/-1/-1 -19/-19/-19
f -38/-38/-38 -8/-8/-8 -51/-51/-51
f -38/-38/-38 -51/-51/-51 -60/-60/-60
f -8/-8/-8 -38/-38/-38 -24/-24/-24
f -8/-8/-8 -24/-24/-24 -6/-6/-6
f -42/-42/-42 -40/-40/-40 -63/-63/-63
f -42/-42/-42 -63/-63/-63 -66/-66/-66
f -40/-40/-40 -42/-42/-42 -20/-20/-20
f -40/-40/-40 -20/-20/-20 -21/-21/-21
f -12/-12/-12 -54/-54/-54 -10/-10/-10
f -54/-54/-54 -12/-12/-12 -57/-57/-57
f -12/-12/-12 -10/-10/-10 -2/-2/-2
f -2/-2/-2 -10/-10/-10 -3/-3/-3
f -9/-9/-9 -49/-49/-49 -7/-7/-7
f -49/-49/-49 -9/-9/-9 -52/-52/-52
f -9/-9/-9 -7/-7/-7 -4/-4/-4
f -4/-4/-4 -7/-7/-7 -5/-5/-5
f -30/-30/-30 -18/-18/-18 -48/-48/-48
f -48/-48/-48 -18/-18/-18 -36/-36/-36
f -13/-13/-13 -25/-25/-25 -43/-43/-43
f -13/-13/-13 -43/-43/-43 -31/-31/-31
f -45/-45/-45 -27/-27/-27 -29/-29/-29
f -45/-45/-45 -29/-29/-29 -47/-47/-47
f -16/-16/-16 -14/-14/-14 -34/-34/-34
f -34/-34/-34 -14/-14/-14 -32/-32/-32
f -59/-59/-59 -53/-53/-53 -61/-61/-61
f -53/-53/-53 -59/-59/-59 -50/-50/-50
f -62/-62/-62 -55/-55/-55 -58/-58/-58
f -62/-62/-62 -58/-58/-58 -65/-65/-65
f -26/-26/-26 -15/-15/-15 -17/-17/-17
f -26/-26/-26 -17/-17/-17 -28/-28/-28
f -33/-33/-33 -44/-44/-44 -46/-46/-46
f -33/-33/-33 -46/-46/-46 -35/-35/-35
f -22/-22/-22 -37/-37/-37 -39/-39/-39
f -37/-37/-37 -22/-22/-22 -23/-23/-23
g SHUTTLE_BROWN1
v -462.526 2465.01 -2215.45
v -464.716 2467.37 -2216
v -464.716 2467.37 -2216
v -465.453 2468.18 -2216.18
v -466.428 2469.13 -2216.46
v -454.887 2469.52 -2218.88
v -455.608 2470.35 -2219.05
v -455.608 2470.35 -2219.05
v -455.608 2470.35 -2219.05
v -457.96 2472.74 -2219.69
v -457.96 2472.74 -2219.69
v -457.96 2472.74 -2219.69
v -458.69 2473.54 -2219.86
v -454.977 2470.75 -2219.84
v -345.95 2531.18 -2394.47
v -345.95 2531.18 -2394.47
v -345.95 2531.18 -2394.47
v -348.302 2533.58 -2395.11
v -348.302 2533.58 -2395.11
v -348.302 2533.58 -2395.11
v -344.481 2530.5 -2404.28
v -346.671 2532.86 -2404.83
v -200.174 2769.72 -1840.75
v -199.904 2770.03 -1840.38
v -199.656 2770.33 -1839.99
v -199.656 2770.33 -1839.99
v -199.66 2770.4 -1839.96
v -211.608 2779.96 -1844.25
v -211.364 2780.27 -1843.86
v -211.364 2780.27 -1843.86
v -211.364 2780.27 -1843.86
v -211.364 2780.27 -1843.86
v -211.364 2780.3 -1843.85
v -211.36 2780.34 -1843.85
v -211.38 2780.4 -1843.79
v -211.38 2780.4 -1843.79
v -213.326 2781.81 -1844.56
v -207.365 2782.49 -1850.26
v -207.372 2782.52 -1850.24
v -207.392 2782.39 -1850.61
v -207.261 2782.54 -1850.43
v -192.193 2774.16 -1853.51
v -190.943 2773.94 -1852.61
v -191.942 2774.47 -1853.15
v -191.664 2774.76 -1852.78
v -191.664 2774.76 -1852.78
v -191.664 2774.76 -1852.78
v -191.664 2774.76 -1852.78
v -191.664 2774.76 -1852.78
v -191.692 2774.82 -1852.71
v -191.687 2774.78 -1852.79
v -191.688 2774.84 -1852.74
v -191.696 2774.9 -1852.67
v -203.679 2784.19 -1857.7
v -203.516 2784.73 -1856.73
v -203.379 2784.7 -1856.64
v -203.36 2784.69 -1856.65
v -203.372 2784.7 -1856.65
v -203.372 2784.7 -1856.65
v -203.372 2784.7 -1856.65
v -203.372 2784.7 -1856.65
v -203.392 2784.76 -1856.59
v -203.357 2784.73 -1856.63
v -203.259 2784.79 -1856.76
v -203.163 2784.82 -1856.98
v -203.163 2784.82 -1856.98
v -203.163 2784.82 -1856.98
v -203.163 2784.82 -1856.98
v -203.149 2784.84 -1856.97
v -202.519 2785.22 -1857.78
v -223.376 2843.59 -1800.38
v -211.669 2841.33 -1793.84
v -211.503 2841.3 -1793.75
v -211.503 2841.3 -1793.75
v -215.529 2848.05 -1813.24
v -215.529 2848.05 -1813.24
v -215.384 2848.03 -1813.16
v -215.384 2848.03 -1813.16
v -203.677 2845.76 -1806.63
v -203.677 2845.76 -1806.63
v -42.4163 2857.56 -2091.53
v -42.4163 2857.56 -2091.53
v -54.1237 2867.5 -2095.4
v -54.1237 2867.5 -2095.4
v -38.0726 2859.97 -2098.48
v -49.78 2869.91 -2102.35
v -54.1237 2937.49 -2071.12
v -54.1237 2937.49 -2071.12
v -42.4164 2935.23 -2064.59
v -42.4164 2935.23 -2064.59
v -49.78 2939.9 -2078.07
v -38.0726 2937.64 -2071.54
vt 0.00172873 0.946556
vt 0.782959 0
vt 0.393851 0.9229
vt -0.00475591 0.000996159
vt 0.782346 0.000613099
vt -0.00455783 0.129132
vt 0.00386719 0.940256
vt 0.628921 0.876594
vt 0.234704 1.22856e-008
vt 0.62977 0.876847
vt 0.235553 0
vt 0.391704 0.916974
vt -0.00103327 -0.00735214
vt -0.00103327 0.0188142
vt 0.0569294 0.989903
vt 0.234704 0.34723
vt 0.472452 0.000255551
vt 0.235553 0.347229
vt 0.4733 0
vt 0.338749 0.971204
vt 0.0588499 1
vt 0.336845 0.981279
vt -0.00455783 0.129132
vt -0.00455783 0.129132
vt 0 0.0598222
vt 0.117352 0.135824
vt -0.00490046 -0.0103102
vt -0.00475591 0.000996159
vt 0.809189 0.866342
vt 0.162342 0.87201
vt 0.393851 0.0400597
vt 0.938815 0.00788875
vt -0.00103327 -0.00669205
vt -0.00103327 -0.00669205
vt -0.00103327 -0.00669205
vt -0.00103327 0.0186141
vt 0.808545 0.866342
vt -0.00103327 -0.00669205
vt -0.00103327 0.0186141
vt -0.00103327 -0.00735214
vt -0.00103327 -0.00669205
vt -0.00103327 0.0188142
vt -0.00455783 0.129132
vt -0.00103327 0.0188142
vt 0.000101913 0
vt 0.120876 0.146747
vt 0.00386719 0.0634403
vt 0.117352 0.373173
vt 0.625877 0
vt -0.0049715 -0.00669202
vt -0.00103327 0.140055
vt -0.00492632 -0.0106007
vt -0.0049715 -0.00669202
vt -0.00103327 -0.00735214
vt -0.00103327 -0.00669205
vt -0.00103327 -0.00669205
vt -0.00103327 -0.00669205
vt 0.000101919 0.0255063
vt 0.16625 0.87201
vt 0.942537 0.000200539
vt 0.12129 0.373173
vt -0.00103327 -0.00669205
vt -0.00103327 0.140055
vt -0.00492632 -0.0106007
vt 0.62977 0.00390869
vt 2.37116e-010 0.0255063
vt 0.166352 0.87201
vt 0.389891 0.0441146
vt -0.00103327 -0.00669205
vt -0.00103327 0.0188142
vt 0.938815 0.133094
vt 0.120876 0
vt -0.0049715 -0.00669202
vt -0.00490046 -0.0103102
vt -0.00103327 -0.00669205
vt -0.00103327 0.0186141
vt 0.130781 0.264095
vt 0.942537 0.125406
vt 0.124401 0.0109236
vt 0.127836 0.253346
vt 0.0760875 0.131012
vt 0.469407 0.867839
vt 0.4733 0.863985
vt 0.317913 0.117824
vt 0.0781893 0.132978
vt 0.315815 0.119972
vt 0.485029 0.955961
vt 0.315036 1.5357e-009
vt 0.0790096 1.5357e-009
vt 0.482422 0.969903
vt 0.312938 0.00214823
vt 0.0811115 0.0019665
vn -0.651162 0.744148 -0.149102
vn -0.583652 -0.380535 0.717317
vn 0.666326 -0.728022 0.161227
vn 0 0.944794 0.327664
vn -0.583602 -0.38059 0.717328
vn 0 0.944794 0.327664
vn -0.65115 0.744171 -0.149043
vn -0.577364 -0.373177 0.726216
vn -0.516859 -0.655617 -0.550476
vn -0.577497 -0.373026 0.726188
vn -0.516859 -0.655617 -0.550476
vn 0.666667 -0.7274 0.162616
vn 0 0.944794 0.327664
vn 0 0.944794 0.327664
vn -0.651226 0.744123 -0.148947
vn -0.516849 -0.655626 -0.550474
vn 0.508507 0.282171 -0.813511
vn -0.516849 -0.655626 -0.550474
vn 0.508507 0.282171 -0.813511
vn 0.664966 -0.728427 0.164967
vn -0.651271 0.744083 -0.148952
vn 0.663852 -0.729465 0.164867
vn 0 0.944794 0.327664
vn 0 0.944794 0.327664
vn -0.82082 0.444222 -0.359056
vn -0.82082 0.444222 -0.359056
vn 0 0.944794 0.327664
vn 0 0.944794 0.327664
vn -0.591976 -0.455108 0.665162
vn 0.824003 -0.433574 0.364737
vn 0.824003 -0.433574 0.364737
vn 0.824003 -0.433574 0.364737
vn 0 0.944794 0.327664
vn 0 0.944794 0.327664
vn 0 0.944794 0.327664
vn 0 0.944794 0.327664
vn -0.595564 -0.466825 0.653742
vn 0 0.944794 0.327664
vn 0 0.944794 0.327664
vn 0 0.944794 0.327664
vn 0 0.944794 0.327664
vn 0 0.944794 0.327664
vn 0 0.944794 0.327664
vn 0 0.944794 0.327664
vn -0.860913 0.150522 -0.485976
vn -0.860913 0.150522 -0.485976
vn -0.65127 0.744058 -0.149078
vn -0.603237 -0.424101 0.675458
vn -0.603237 -0.424101 0.675458
vn 0 0.944794 0.327664
vn 0 0.944794 0.327664
vn 0 0.944794 0.327664
vn 0 0.944794 0.327664
vn 0 0.944794 0.327664
vn 0 0.944794 0.327664
vn 0 0.944794 0.327664
vn 0 0.944794 0.327664
vn -0.769474 -0.275063 -0.576412
vn -0.769474 -0.275063 -0.576412
vn -0.769474 -0.275063 -0.576412
vn -0.611629 -0.503204 0.610488
vn 0 0.944794 0.327664
vn 0 0.944794 0.327664
vn 0 0.944794 0.327664
vn -0.584351 -0.36517 0.724696
vn -0.441681 -0.725545 -0.527733
vn 0.663949 -0.730058 0.161821
vn 0.663949 -0.730058 0.161821
vn 0 0.944794 0.327664
vn 0 0.944794 0.327664
vn 0.861037 -0.166631 0.480467
vn -0.861037 0.166631 -0.480467
vn 0 0.944794 0.327664
vn 0 0.944794 0.327664
vn 0 0.944794 0.327664
vn 0 0.944794 0.327664
vn -0.484504 -0.555832 0.675504
vn 0.861037 -0.166631 0.480467
vn -0.861037 0.166631 -0.480467
vn -0.500575 -0.550116 0.668429
vn -0.806893 0.4859 -0.335893
vn 0.50853 0.282139 -0.813508
vn 0.508528 0.282137 -0.81351
vn 0.810256 -0.476469 0.341267
vn -0.806893 0.4859 -0.335894
vn 0.810246 -0.476474 0.341283
vn 0.50854 0.282133 -0.813504
vn 0.861037 -0.166631 0.480467
vn -0.861037 0.166631 -0.480467
vn 0.508542 0.282133 -0.813503
vn 0.861037 -0.166631 0.480467
vn -0.861037 0.166631 -0.480467
usemtl White_porcelai1
f -62/-62/-62 -90/-90/-90 -25/-25/-25
f -25/-25/-25 -90/-90/-90 -81/-81/-81
f -81/-81/-81 -90/-90/-90 -73/-73/-73
f -73/-73/-73 -90/-90/-90 -71/-71/-71
f -73/-73/-73 -71/-71/-71 -7/-7/-7
f -73/-73/-73 -7/-7/-7 -9/-9/-9
f -9/-9/-9 -7/-7/-7 -2/-2/-2
f -9/-9/-9 -2/-2/-2 -5/-5/-5
f -52/-52/-52 -62/-62/-62 -25/-25/-25
f -18/-18/-18 -58/-58/-58 -62/-62/-62
f -38/-38/-38 -59/-59/-59 -62/-62/-62
f -28/-28/-28 -83/-83/-83 -44/-44/-44
f -44/-44/-44 -83/-83/-83 -85/-85/-85
f -29/-29/-29 -44/-44/-44 -41/-41/-41
f -46/-46/-46 -86/-86/-86 -68/-68/-68
f -68/-68/-68 -86/-86/-86 -92/-92/-92
f -92/-92/-92 -86/-86/-86 -78/-78/-78
